0.183
0.2397
0.2678
0.31
0.3301
0.3523
0.3663
0.3893
0.4032
0.4158
0.4297
0.4354
0.4478
0.4563
0.4601
0.47
0.4744
0.4806
0.4889
0.492
0.4922
0.4973
0.4997
0.5055
0.5078
0.51
0.5143
0.5179
0.5234
0.5264
0.5285
0.5341
0.5345
0.5389
0.5389
0.543
0.5485
0.5488
0.5506
0.5522
0.5523
0.5542
0.5583
0.5586
0.5622
0.5653
0.5671
0.5691
0.5715
0.5737
0.5723
0.5762
0.5775
0.5798
0.5813
0.5828
0.5832
0.5851
0.5893
0.5904
0.5895
0.5919
0.5937
0.5933
0.5958
0.5967
0.5968
0.5995
0.6003
0.6013
0.6044
0.605
0.605
0.6061
0.6088
0.6082
0.6084
0.6129
0.6127
0.6118
0.6118
0.6152
0.6159
0.6156
0.6169
0.6182
0.6182
0.6205
0.6236
0.6253
0.6227
0.6215
0.6239
0.6243
0.6241
0.6253
0.6244
0.6248
0.6256
0.6267
0.6303
0.6305
0.6327
0.6337
0.6354
0.6361
0.637
0.6371
0.6372
0.6379
0.6373
0.6373
0.6382
0.641
0.6415
0.6418
0.6409
0.642
0.6429
0.6434
0.6449
0.6459
0.6449
0.6458
0.6461
0.6464
0.6453
0.6465
0.6485
0.6484
0.6494
0.6479
0.6491
0.651
0.6502
0.6511
0.6499
0.6511
0.6501
0.6508
0.6524
0.6535
0.6529
0.654
0.654
0.6554
0.6563
0.6576
0.658
0.6572
0.6584
0.6578
0.6609
0.6606
0.6588
0.6617
0.6599
0.6602
0.6611
0.6618
0.6602
0.6614
0.6627
0.663
0.6623
0.6622
0.6636
0.6646
0.6654
0.6656
0.6681
0.6688
0.6675
0.6677
0.6676
0.6681
0.6678
0.6685
0.6705
0.6692
0.6706
0.6693
0.6701
0.6701
0.671
0.671
0.6705
0.6711
0.6702
0.6711
0.6707
0.6723
0.6724
0.6733
0.674
0.6744
0.6749
0.6765
0.6754
0.6751
0.6754
0.6767
0.6771
0.6773
0.6775
0.6785
0.679
0.6785
0.6784
0.6796
0.6805
0.6807
0.6802
0.6804
0.6802
0.6818
0.6809
0.681
0.6815
0.6814
0.6822
0.6808
0.6829
0.6837
0.6837
0.6841
0.6843
0.6844
0.6861
0.6854
0.6845
0.6857
0.6852
0.6869
0.6863
0.687
0.6867
0.6874
0.688
0.6882
0.6876
0.6886
0.6887
0.6898
0.6877
0.6879
0.6867
0.6858
0.6872
0.6879
0.6878
0.6882
0.6883
0.6896
0.6887
0.69
0.6895
0.6894
0.6897
0.6903
0.6901
0.6909
0.6922
0.6914
0.692
0.6922
0.6924
0.6917
0.6926
0.6923
0.6926
0.6916
0.6911
0.6901
0.6916
0.6916
0.692
0.693
0.6956
0.695
0.6947
0.6957
0.6949
0.6952
0.6957
0.6954
0.6949
0.6951
0.6956
0.695
0.6966
0.6965
0.697
0.6975
0.6977
0.6977
0.6963
0.6961
0.697
0.6968
0.6966
0.6962
0.6981
0.6972
0.6984
0.6985
0.7002
0.6985
0.6994
0.6987
0.7
0.6995
0.6997
0.7
0.7005
0.701
0.7016
0.7011
0.7022
0.7026
0.7038
0.7036
0.7027
0.7034
0.7034
0.7036
0.7049
0.7044
0.7041
0.7044
0.7034
0.7041
0.7046
0.7055
0.7057
0.7056
0.7046
0.7058
0.7054
0.7051
0.7051
0.7045
0.7046
0.7052
0.7063
0.7064
0.7054
0.7054
0.7067
0.7057
0.7059
0.7062
0.7058
0.707
0.7073
0.7079
0.7078
0.7083
0.7075
0.7077
0.7084
0.7077
0.7077
0.7082
0.7088
0.7086
0.7083
0.709
0.7084
0.7086
0.71
0.7109
0.709
0.7099
0.7094
0.7099
0.7104
0.7115
0.7106
0.71
0.7107
0.7098
0.7115
0.7105
0.7109
0.7108
0.7113
0.7105
0.7114
0.7107
0.7124
0.7116
0.7119
0.7133
0.7124
0.7137
0.7136
0.7143
0.714
0.7154
0.7149
0.7158
0.7154
0.7152
0.715
0.7141
0.7151
0.7139
0.7133
0.7136
0.714
0.7145
0.7149
0.7157
0.715
0.7162
0.7155
0.7148
0.7156
0.7152
0.7149
0.7152
0.7153
0.7157
0.7155
0.7147
0.7141
0.7145
0.7142
0.7144
0.714
0.7155
0.715
0.7146
0.7145
0.7145
0.7149
0.7159
0.7162
0.716
0.7169
0.716
0.7159
0.7165
0.7167
0.7164
0.7165
0.7158
0.7162
0.7169
0.716
0.7163
0.7162
0.7168
0.7158
0.7159
0.7163
0.717
0.7158
0.7176
0.7179
0.7171
0.7175
0.7165
0.7178
0.7176
0.7169
0.7176
0.7174
0.7175
0.7168
0.7183
0.7181
0.7186
0.7187
0.7188
0.7189
0.7178
0.7191
0.7192
0.72
0.7203
0.7208
0.7206
0.7206
0.7214
0.7213
0.7216
0.7209
0.7213
0.7208
0.7212
0.7208
0.7214
0.7204
0.7199
0.7196
0.7199
0.719
0.7192
0.7198
0.7195
0.72
0.72
0.7208
0.7208
0.7209
0.7202
0.7206
0.7211
0.7211
0.7207
0.7203
0.7202
0.7203
0.7204
0.7206
0.7212
0.721
0.7208
0.7208
0.7214
0.7215
0.7211
0.7217
0.7221
0.7217
0.7218
0.7223
0.7225
0.722
0.7225
0.7219
0.7225
0.7229
0.7234
0.7228
0.723
0.7241
0.7241
0.7238
0.724
0.7238
0.7246
0.7242
0.7244
0.7246
0.7238
0.724
0.724
0.7242
0.7243
0.7243
0.7243
0.7242
0.7245
0.7244
0.7239
0.7244
0.7251
0.7253
0.7261
0.7255
0.7255
0.7256
0.7261
0.7252
0.7254
0.7252
0.7249
0.7245
0.7258
0.7255
0.7261
0.7264
0.7267
0.7269
0.7271
0.7269
0.7268
0.727
0.7272
0.7272
0.7274
0.7273
0.7272
0.7278
0.7278
0.7279
0.7277
0.7284
0.7282
0.7274
0.7271
0.7276
0.7275
0.728
0.7274
0.7273
0.7271
0.7268
0.7277
0.7277
0.7269
0.727
0.728
0.7274
0.7281
0.728
0.7282
0.7278
0.7273
0.7276
0.7286
0.7281
0.7285
0.7276
0.7277
0.7277
0.7278
0.7283
0.728
0.7271
0.7279
0.7282
0.7283
0.7279
0.7289
0.7273
0.7273
0.7278
0.7269
0.7281
0.728
0.7284
0.7274
0.7273
0.727
0.7282
0.728
0.7279
0.7288
0.729
0.7296
0.729
0.7298
0.7293
0.7292
0.7293
0.7281
0.7282
0.728
0.7272
0.727
0.7278
0.7274
0.7273
0.7274
0.7278
0.7271
0.7274
0.7284
0.7285
0.7279
0.728
0.7284
0.7287
0.7282
0.7282
0.7278
0.7279
0.7276
0.7288
0.7285
0.7291
0.729
0.7295
0.7293
0.7289
0.7302
0.7297
0.7297
0.7306
0.7306
0.7306
0.7307
0.7295
0.7291
0.729
0.7288
0.7294
0.7285
0.7285
0.7287
0.7298
0.7296
0.7299
0.7297
0.7296
0.7285
0.7288
0.7283
0.7295
0.7291
0.7307
0.7296
0.7301
0.7299
0.7298
0.7302
0.7304
0.73
0.7291
0.73
0.7306
0.7299
0.7303
0.7299
0.73
0.7308
0.7302
0.7306
0.7294
0.7306
0.7296
0.7303
0.7298
0.7306
0.7303
0.7316
0.7314
0.7313
0.7314
0.731
0.7311
0.7311
0.731
0.731
0.7316
0.7307
0.7313
0.7307
0.7307
0.7304
0.7301
0.7301
0.7299
0.7306
0.7307
0.7308
0.7317
0.7313
0.7314
0.7316
0.7309
0.731
0.7312
0.7316
0.7311
0.7314
0.7314
0.732
0.7322
0.7324
0.7326
0.7327
0.7331
0.7329
0.7336
0.7326
0.7332
0.7327
0.7332
0.733
0.7333
0.7347
0.7342
0.7341
0.7343
0.7335
0.7341
0.7336
0.7335
0.734
0.7331
0.7337
0.7336
0.7337
0.7328
0.7332
0.7324
0.7332
0.7328
0.7341
0.7335
0.7331
0.7328
0.7329
0.7332
0.7328
0.7342
0.7335
0.734
0.7346
0.7346
0.7334
0.7334
0.7339
0.7351
0.7346
0.7355
0.7344
0.735
0.7341
0.7338
0.734
0.7347
0.7354
0.7349
0.735
0.735
0.7351
0.7355
0.7356
0.7352
0.7355
0.7354
0.7368
0.7358
0.7362
0.7356
0.7355
0.7355
0.7364
0.7357
0.7357
0.7355
0.736
0.7361
0.7361
0.7358
0.7369
0.7373
0.7375
0.7371
0.7368
0.7359
0.7363
0.7363
0.7366
0.7366
0.7368
0.7367
0.7366
0.737
0.7368
0.7366
0.737
0.737
0.7373
0.7371
0.7368
0.7372
0.7369
0.7366
0.7366
0.7366
0.7376
0.7371
0.7373
0.737
0.7375
0.7375
0.7376
0.7378
0.7378
0.738
0.7387
0.7384
0.7379
0.7371
0.7377
0.7374
0.7372
0.7378
0.7369
0.7378
0.7377
0.737
0.7378
0.7366
0.7371
0.7371
0.737
0.7356
0.7362
0.7365
0.7368
0.7365
0.7374
0.7367
0.7374
0.7369
0.737
0.7376
0.7377
0.7384
0.7383
0.7384
0.7385
0.7389
0.7391
0.7396
0.7393
0.7398
0.7395
0.7398
0.7395
0.7397
0.7387
0.7383
0.7383
0.7384
0.7388
0.7381
0.7389
0.7382
0.7391
0.7394
0.7396
0.74
0.7404
0.7409
0.7413
0.7412
0.7406
0.7405
0.7404
0.7408
0.7402
0.7398
0.74
0.74
0.7406
0.7407
0.7412
0.741
0.7407
0.7411
0.7402
0.7411
0.7401
0.741
0.7406
0.7407
0.7404
0.7414
0.7415
0.7416
0.7408
0.7412
0.74
0.7404
0.7403
0.7405
0.7406
0.7409
0.7415
0.7415
0.7413
0.7416
0.7423
0.7419
0.7408
0.7416
0.7421
0.7416
0.7418
0.7422
0.7429
0.7424
0.7427
0.7411
0.7412
0.7413
0.7418
0.7424
0.7423
0.7417
0.7418
0.7417
0.7422
0.742
0.7418
0.7412
0.7415
0.7419
0.7417
0.7424
0.7417
0.7419
0.7422
0.7422
0.7427
0.7427
0.742
0.7425
0.7423
0.7425
0.7423
0.7427
0.7432
0.7423
0.743
0.7425
0.7419
0.7416
0.7414
0.7412
0.7415
0.7406
0.741
0.7409
0.7417
0.7411
0.7408
0.742
0.7415
0.7415
0.7412
0.7413
0.7412
0.7404
0.7406
0.7406
0.7416
0.7418
0.7421
0.7419
0.7421
0.7426
0.7426
0.7424
0.7422
0.743
0.7424
0.7423
0.7425
0.742
0.7414
0.7411
0.7412
0.7413
0.7414
0.7418
0.7425
0.7418
0.742
0.7426
0.7431
0.7427
0.7422
0.7424
0.7422
0.7415
0.742
0.7417
0.7413
0.7413
0.7415
0.7415
0.7416
0.7422
0.7419
0.7429
0.7419
0.7425
0.7427
0.7429
0.7425
0.7423
0.7424
0.742
0.7421
0.7427
0.7429
0.7427
0.7429
0.7425
0.7427
0.7427
0.7425
0.7417
0.7426
0.7415
0.7417
0.741
0.7411
0.7423
0.7417
0.7416
0.742
0.7421
0.7414
0.7417
0.7423
0.7411
0.7422
0.7411
0.7418
0.742
0.7425
0.7418
0.742
0.7421
0.7415
0.7422
0.7419
0.7416
0.7415
0.7407
0.7412
0.7416
0.7408
0.741
0.7422
0.741
0.7414
0.742
0.7422
0.7422
0.7425
0.7429
0.7435
0.7433
0.744
0.7434
0.7442
0.7437
0.7436
0.7432
0.7434
0.7434
0.7435
0.7438
0.7433
0.7434
0.7432
0.7434
0.7434
0.744
0.7432
0.7432
0.7435
0.7443
0.7438
0.7437
0.744
0.7431
0.7438
0.7438
0.7443
0.7446
0.744
0.745
0.744
0.7446
0.7445
0.7443
0.7449
0.7453
0.745
0.7461
0.7446
0.7453
0.7452
0.7457
0.7455
0.7458
0.7454
0.7452
0.7454
0.7454
0.7458
0.7457
0.7456
0.7456
0.7456
0.7455
0.7459
0.7467
0.7469
0.746
0.7467
0.7458
0.7462
0.7471
0.7459
0.7462
0.7457
0.7461
0.7465
0.7459
0.745
0.7458
0.7464
0.7457
0.7458
0.7461
0.7451
0.7455
0.746
0.7463
0.7463
0.7468
0.747
0.7473
0.7472
0.7467
0.7465
0.7466
0.7465
0.7465
0.7463
0.7469
0.7462
0.7457
0.7464
0.7468
0.7469
0.747
0.747
0.7469
0.7464
0.7464
0.7469
0.7461
0.7468
0.7468
0.7464
0.7462
0.7463
0.7467
0.7471
0.7471
0.7467
0.7462
0.7468
0.7466
0.7463
0.7459
0.7461
0.7457
0.7463
0.7457
0.7465
0.7466
0.7462
0.7458
0.7464
0.746
0.7462
0.7458
0.7463
0.7461
0.746
0.7464
0.7464
0.7465
0.7466
0.747
0.7471
0.7469
0.7467
0.7466
0.7468
0.7466
0.7471
0.7471
0.7473
0.7461
0.7464
0.7467
0.7466
0.7471
0.7472
0.7473
0.7472
0.7476
0.7474
0.7479
0.7474
0.7479
0.7474
0.7473
0.748
0.7479
0.7483
0.7488
0.7474
0.7483
0.7478
0.7486
0.7473
0.7477
0.7474
0.7475
0.7471
0.747
0.747
0.7472
0.7476
0.7474
0.747
0.7475
0.7475
0.7483
0.7482
0.7479
0.7477
0.7476
0.7481
0.7476
0.7487
0.7485
0.7487
0.7486
0.7481
0.7494
0.7489
0.7495
0.7493
0.7499
0.7495
0.7501
0.7493
0.7501
0.7498
0.7494
0.7495
0.7498
0.7494
0.7494
0.7495
0.7503
0.7499
0.7496
0.7494
0.7495
0.7495
0.7496
0.7491
0.75
0.7495
0.7498
0.75
0.7489
0.7493
0.7493
0.7493
0.7489
0.749
0.7489
0.7489
0.749
0.7491
0.7495
0.7489
0.7495
0.7501
0.7492
0.7495
0.7492
0.7495
0.7491
0.7498
0.7491
0.7495
0.75
0.7503
0.7501
0.7491
0.7488
0.7495
0.7494
0.7503
0.7495
0.7502
0.7504
0.7501
0.7503
0.7504
0.7501
0.7497
0.7498
0.7501
0.7497
0.7491
0.7496
0.7501
0.7496
0.7505
0.7498
0.7504
0.7501
0.7507
0.7511
0.7511
0.7503
0.7508
0.751
0.7509
0.7505
0.7508
0.7508
0.7509
0.7513
0.7507
0.7512
0.7522
0.7516
0.7514
0.7515
0.7515
0.7514
0.7514
0.7513
0.7512
0.7514
0.7507
0.7511
0.7513
0.7516
0.7515
0.7512
0.7517
0.751
0.7515
0.7516
0.7516
0.7516
0.7514
0.752
0.752
0.7519
0.7522
0.7518
0.7521
0.7518
0.7521
0.752
0.7524
0.7515
0.7521
0.7514
0.7524
0.7513
0.7528
0.7517
0.7522
0.7519
0.752
0.7517
0.7516
0.7523
0.7512
0.7518
0.7516
0.7517
0.7515
0.7515
0.7516
0.7517
0.7514
0.7519
0.7519
0.7513
0.7512
0.7521
0.7517
0.7523
0.7517
0.7523
0.7518
0.7523
0.7527
0.7524
0.7527
0.7525
0.7528
0.7526
0.7519
0.752
0.7515
0.7527
0.7521
0.7523
0.7519
0.7524
0.7516
0.7527
0.7526
0.7527
0.7525
0.7523
0.7528
0.7535
0.7528
0.7528
0.7523
0.7528
0.7527
0.7519
0.7523
0.7518
0.7526
0.7523
0.7523
0.7528
0.7524
0.7525
0.7522
0.7523
0.7514
0.7524
0.7518
0.7525
0.7515
0.7523
0.7517
0.752
0.7526
0.7527
0.7521
0.7528
0.7525
0.7537
0.7528
0.7535
0.7537
0.7537
0.7535
0.7533
0.7531
0.7536
0.7536
0.7536
0.7544
0.7538
0.7538
0.7532
0.7533
0.7533
0.7533
0.7533
0.753
0.7532
0.7538
0.7533
0.7537
0.7536
0.7533
0.7538
0.7539
0.7537
0.7534
0.754
0.7535
0.7533
0.7535
0.7538
0.7538
0.7542
0.7548
0.7542
0.7543
0.7536
0.7538
0.7531
0.7534
0.7531
0.7534
0.7529
0.7534
0.7536
0.753
0.7534
0.7527
0.7521
0.7533
0.7532
0.7536
0.7531
0.7538
0.7537
0.7538
0.753
0.7533
0.7529
0.7533
0.7532
0.7531
0.7537
0.7535
0.7536
0.7538
0.7532
0.7538
0.7546
0.754
0.7541
0.7547
0.7539
0.7536
0.7537
0.7537
0.7537
0.7534
0.7535
0.7532
0.7531
0.7535
0.7529
0.7529
0.7533
0.7536
0.754
0.7531
0.7533
0.7531
0.7541
0.7537
0.7532
0.7535
0.7537
0.7533
0.7535
0.7537
0.753
0.7536
0.754
0.7541
0.7538
0.7541
0.7542
0.7544
0.754
0.7545
0.7536
0.7544
0.7541
0.754
0.7541
0.7539
0.7535
0.7539
0.7538
0.7537
0.7543
0.7543
0.7536
0.755
0.7536
0.754
0.7547
0.7546
0.7548
0.7541
0.7545
0.754
0.7536
0.7545
0.7539
0.7543
0.7547
0.7538
0.7538
0.7543
0.7545
0.7543
0.7544
0.7545
0.7542
0.7543
0.7547
0.7552
0.7555
0.7558
0.7554
0.7551
0.7554
0.7554
0.7546
0.755
0.7551
0.7553
0.7551
0.7554
0.755
0.7556
0.7556
0.7548
0.7548
0.7544
0.7556
0.7549
0.7552
0.7546
0.7546
0.7547
0.7557
0.7547
0.7552
0.7549
0.7554
0.7552
0.7549
0.7543
0.7545
0.7543
0.755
0.754
0.7545
0.7548
0.7543
0.7552
0.7548
0.7545
0.7543
0.7545
0.7545
0.7542
0.7545
0.7549
0.7541
0.7538
0.7539
0.7539
0.754
0.7535
0.7539
0.7538
0.7539
0.7539
0.754
0.7542
0.7538
0.7538
0.7544
0.754
0.7539
0.7535
0.7536
0.7533
0.7538
0.7536
0.754
0.7536
0.7537
0.7538
0.7543
0.7541
0.7545
0.7542
0.7541
0.7535
0.7539
0.7533
0.7534
0.7536
0.7538
0.7538
0.7534
0.7545
0.7538
0.7543
0.754
0.7544
0.755
0.7546
0.7549
0.7544
0.7556
0.7552
0.7553
0.7552
0.7551
0.7542
0.7548
0.7539
0.7549
0.7545
0.7552
0.7545
0.7545
0.7542
0.7547
0.7546
0.7545
0.7547
0.7546
0.7545
0.7539
0.7545
0.7544
0.7548
0.7544
0.7553
0.7544
0.7555
0.7553
0.7551
0.7556
0.7553
0.7559
0.7559
0.7556
0.7555
0.7553
0.7547
0.7548
0.7551
0.7553
0.7552
0.756
0.7559
0.7555
0.7561
0.7563
0.7559
0.7556
0.7558
0.7561
0.7564
0.7562
0.7562
0.7555
0.7563
0.756
0.7559
0.7561
0.756
0.7561
0.756
0.756
0.7567
0.7562
0.7564
0.7556
0.7563
0.7565
0.7564
0.7569
0.7568
0.7566
0.7571
0.7568
0.7572
0.7562
0.7567
0.756
0.7567
0.7561
0.7565
0.756
0.7563
0.756
0.7567
0.7567
0.756
0.7557
0.7564
0.7558
0.7565
0.7561
0.7567
0.7567
0.7569
0.7569
0.7571
0.7562
0.7566
0.7562
0.7563
0.7563
0.756
0.7559
0.7562
0.7568
0.7565
0.7558
0.7559
0.7563
0.7568
0.7568
0.7564
0.7566
0.7566
0.7567
0.7571
0.7571
0.7566
0.7562
0.7562
0.7554
0.7556
0.755
0.7547
0.7547
0.7546
0.755
0.7551
0.7549
0.7551
0.7552
0.7551
0.7559
0.7563
0.7566
0.7557
0.756
0.7562
0.7558
0.7561
0.7565
0.7559
0.7559
0.7557
0.756
0.7559
0.7557
0.7559
0.7564
0.756
0.7563
0.7564
0.7563
0.7562
0.7564
0.756
0.7559
0.7562
0.7562
0.7569
0.7566
0.757
0.7568
0.7572
0.7568
0.7572
0.7575
0.7575
0.7573
0.7577
0.7577
0.7568
0.757
0.7572
0.7568
0.757
0.7566
0.7568
0.7567
0.757
0.7563
0.7574
0.7568
0.7571
0.757
0.7575
0.7572
0.7572
0.7572
0.7575
0.757
0.7569
0.7569
0.7571
0.7568
0.7569
0.7568
0.7568
0.7572
0.7571
0.7576
0.7571
0.757
0.7575
0.7575
0.7573
0.757
0.7574
0.757
0.7573
0.7571
0.7577
0.7575
0.7574
0.7572
0.7579
0.758
0.7575
0.7578
0.7574
0.758
0.758
0.7576
0.7573
0.7571
0.7569
0.7573
0.7579
0.7574
0.7577
0.7579
0.7573
0.7575
0.7572
0.7575
0.7575
0.7574
0.758
0.7577
0.758
0.7577
0.7575
0.7576
0.7574
0.7576
0.7577
0.7573
0.7573
0.7568
0.7571
0.7568
0.7573
0.7575
0.7573
0.7573
0.7573
0.7574
0.7576
0.7574
0.7573
0.757
0.7573
0.7571
0.757
0.7579
0.7579
0.7572
0.7572
0.7563
0.7569
0.7568
0.7574
0.7573
0.7574
0.7567
0.7576
0.7573
0.7575
0.7576
0.7578
0.7575
0.7583
0.7577
0.7579
0.7573
0.7577
0.7578
0.7576
0.7579
0.7576
0.7571
0.7575
0.7572
0.7578
0.7573
0.7583
0.7573
0.7576
0.7574
0.7576
0.7577
0.7576
0.7579
0.758
0.7577
0.7585
0.7578
0.7581
0.7577
0.758
0.7574
0.7576
0.7575
0.757
0.7572
0.7566
0.7564
0.7564
0.7569
0.7564
0.7568
0.7567
0.7568
0.756
0.7563
0.7566
0.7559
0.7562
0.7555
0.7559
0.7557
0.7557
0.7556
0.7557
0.7554
0.7551
0.7559
0.7557
0.755
0.7558
0.7557
0.7561
0.7564
0.7564
0.7565
0.7563
0.7563
0.7564
0.7569
0.7565
0.7565
0.7568
0.7568
0.7564
0.7563
0.7563
0.756
0.7555
0.7562
0.7559
0.7567
0.7567
0.7567
0.7567
0.7569
0.7564
0.7568
0.7566
0.7566
0.7564
0.757
0.7567
0.7564
0.7566
0.7564
0.7573
0.757
0.7568
0.7569
0.7572
0.7571
0.7577
0.7573
0.7574
0.7566
0.7573
0.7569
0.757
0.7574
0.7571
0.7571
0.7572
0.7574
0.7575
0.7577
0.7569
0.7569
0.7573
0.7581
0.7569
0.757
0.757
0.7572
0.7569
0.7576
0.7573
0.7576
0.7579
0.7574
0.7577
0.7577
0.7581
0.7574
0.7583
0.7575
0.7583
0.758
0.7579
0.7577
0.7576
0.7577
0.7574
0.7576
0.7574
0.7573
0.7581
0.7579
0.7578
0.7578
0.7574
0.758
0.7578
0.7581
0.758
0.7573
0.758
0.758
0.758
0.7578
0.7581
0.7581
0.7581
0.7577
0.7579
0.7579
0.7581
0.7584
0.7586
0.7575
0.7583
0.7571
0.7575
0.7577
0.758
0.7573
0.7577
0.7567
0.7581
0.7576
0.7573
0.7574
0.7581
0.7571
0.7577
0.7572
0.7575
0.7576
0.7575
0.7577
0.7577
0.7582
0.7579
0.7575
0.7581
0.7575
0.7578
0.7573
0.7574
0.7573
0.7571
0.757
0.7568
0.7569
0.7571
0.7573
0.757
0.7573
0.7569
0.7571
0.7569
0.7574
0.7571
0.7572
0.7575
0.7572
0.7571
0.7573
0.7579
0.7575
0.7579
0.7578
0.757
0.757
0.7566
0.7571
0.7571
0.7572
0.7564
0.7569
0.7565
0.7568
0.7564
0.7568
0.7575
0.7569
0.7567
0.7574
0.7574
0.7574
0.7574
0.7575
0.7574
0.7579
0.758
0.7578
0.7584
0.7586
0.7588
0.7581
0.759
0.7581
0.7591
0.7591
0.7595
0.7596
0.759
0.759
0.7592
0.7598
0.7593
0.7595
0.7591
0.759
0.7584
0.7581
0.7577
0.7582
0.758
0.759
0.7583
0.7585
0.7589
0.7582
0.7581
0.7586
0.7588
0.7588
0.7588
0.7588
0.7585
0.7583
0.7583
0.7589
0.7589
0.7589
0.7594
0.7597
0.7593
0.7594
0.759
0.7595
0.7591
0.7595
0.7593
0.7593
0.7595
0.7595
0.7592
0.7593
0.7596
0.7593
0.7591
0.759
0.7589
0.7594
0.76
0.7599
0.7592
0.7593
0.7593
0.7595
0.7594
0.7595
0.7594
0.7596
0.7591
0.759
0.759
0.7593
0.759
0.7591
0.7592
0.7584
0.7596
0.7594
0.7594
0.7599
0.7589
0.7593
0.7584
0.759
0.7584
0.7595
0.7588
0.7595
0.7585
0.7587
0.7584
0.7585
0.7586
0.759
0.7584
0.7591
0.7594
0.7595
0.7596
0.7594
0.7596
0.7594
0.7599
0.759
0.7599
0.759
0.7597
0.7594
0.7597
0.7588
0.7591
0.7586
0.7594
0.7582
0.7594
0.7582
0.759
0.7591
0.7587
0.7586
0.7585
0.7586
0.7592
0.7586
0.7591
0.7583
0.7583
0.7589
0.7581
0.7586
0.7584
0.7585
0.7577
0.7585
0.758
0.7583
0.7585
0.7585
0.7588
0.7589
0.7587
0.7584
0.7581
0.7585
0.7584
0.7592
0.7589
0.7595
0.7595
0.7604
0.7596
0.7601
0.7602
0.7597
0.7599
0.7601
0.7594
0.7599
0.7594
0.76
0.7594
0.7593
0.7592
0.7595
0.7597
0.7593
0.7595
0.7592
0.7589
0.7589
0.759
0.7594
0.7586
0.7595
0.759
0.7591
0.7593
0.7598
0.7595
0.7604
0.7598
0.7605
0.76
0.7604
0.7603
0.7601
0.7599
0.7602
0.7591
0.7598
0.7598
0.7597
0.7599
0.7601
0.7598
0.7603
0.76
0.7602
0.7597
0.7607
0.76
0.7605
0.7595
0.7602
0.7597
0.7602
0.76
0.7614
0.7604
0.7613
0.7604
0.761
0.7609
0.7609
0.7609
0.7612
0.7609
0.7611
0.7607
0.7615
0.7607
0.7614
0.7605
0.7612
0.7612
0.7611
0.7609
0.7601
0.7604
0.7608
0.76
0.7601
0.7597
0.76
0.7598
0.7599
0.7596
0.7601
0.7592
0.7599
0.7595
0.7596
0.7595
0.7599
0.7599
0.7597
0.76
0.7598
0.7592
0.7599
0.7601
0.7605
0.7606
0.7608
0.76
0.7607
0.7605
0.7606
0.7609
0.7612
0.7603
0.7608
0.7609
0.7608
0.7606
0.7608
0.7601
0.7605
0.7603
0.7612
0.7603
0.7611
0.7603
0.7608
0.76
0.7607
0.7602
0.7608
0.7608
0.7613
0.7611
0.7613
0.7612
0.7609
0.7603
0.7604
0.7607
0.7606
0.7605
0.7604
0.7605
0.76
0.7605
0.76
0.7598
0.76
0.7599
0.76
0.7601
0.7602
0.761
0.7605
0.7609
0.7609
0.7612
0.7609
0.7614
0.7614
0.7607
0.7611
0.761
0.7616
0.7609
0.7609
0.7599
0.7601
0.7603
0.76
0.7603
0.7608
0.7606
0.7604
0.7601
0.7607
0.7599
0.7604
0.7602
0.7611
0.761
0.7614
0.7613
0.7611
0.7611
0.7614
0.7614
0.7616
0.761
0.7614
0.7613
0.7609
0.7613
0.7615
0.7613
0.7604
0.7614
0.7606
0.7605
0.7606
0.7606
0.7604
0.7612
0.7613
0.7611
0.761
0.7609
0.7619
0.7615
0.7617
0.7618
0.7612
0.7616
0.7613
0.7618
0.7611
0.7612
0.7609
0.7617
0.7619
0.7613
0.7612
0.7612
0.7611
0.7617
0.7616
0.7617
0.7616
0.7615
0.7621
0.7622
0.762
0.7617
0.7616
0.7622
0.7623
0.7619
0.7619
0.7618
0.7619
0.7618
0.7618
0.7612
0.7615
0.7615
0.7617
0.7614
0.7613
0.7614
0.7612
0.7618
0.7613
0.7622
0.7621
0.7615
0.7617
0.7618
0.7614
0.7618
0.7613
0.761
0.7613
0.7611
0.7614
0.7612
0.7612
0.7613
0.7609
0.7614
0.7611
0.7611
0.7613
0.762
0.7618
0.7613
0.7612
0.761
0.7617
0.7619
0.7622
0.7626
0.7619
0.7619
0.7625
0.7616
0.7614
0.7614
0.7616
0.7617
0.7618
0.7614
0.7613
0.7612
0.7617
0.7616
0.7616
0.7619
0.7619
0.7614
0.7623
0.7617
0.7618
0.7614
0.7616
0.7615
0.7611
0.7616
0.7609
0.7616
0.761
0.7611
0.7619
0.7613
0.7617
0.7619
0.7616
0.7621
0.7615
0.7614
0.7614
0.7615
0.7616
0.7621
0.7618
0.762
0.7614
0.7619
0.7615
0.762
0.7615
0.7619
0.7617
0.7618
0.7613
0.7612
0.7613
0.7616
0.7617
0.7621
0.762
0.7614
0.7613
0.7615
0.761
0.7614
0.7614
0.7616
0.7617
0.7616
0.7615
0.7619
0.7622
0.7626
0.7621
0.7621
0.7621
0.762
0.7624
0.7624
0.7623
0.7624
0.7618
0.7621
0.7621
0.7621
0.7621
0.7623
0.7622
0.7624
0.7621
0.7618
0.7618
0.7623
0.7617
0.7622
0.7618
0.7622
0.7624
0.7616
0.7624
0.762
0.7627
0.7616
0.7626
0.7619
0.7624
0.7617
0.7622
0.7617
0.7622
0.7615
0.7623
0.7615
0.7616
0.7613
0.7612
0.7612
0.7615
0.7621
0.7615
0.7623
0.7622
0.762
0.762
0.7625
0.7625
0.7625
0.7625
0.7625
0.7623
0.7628
0.762
0.7623
0.7621
0.7625
0.7614
0.7619
0.7614
0.7612
0.7613
0.7619
0.7613
0.7609
0.7612
0.7615
0.7609
0.762
0.7615
0.7619
0.7615
0.7621
0.7617
0.7612
0.7617
0.7614
0.7613
0.7616
0.7618
0.7618
0.7616
0.7615
0.7614
0.7616
0.7615
0.7614
0.7613
0.7613
0.761
0.7617
0.7616
0.7622
0.7622
0.7618
0.7617
0.7623
0.7619
0.7616
0.7616
0.7618
0.7617
0.7618
0.7614
0.7613
0.7614
0.7612
0.7611
0.7617
0.7615
0.7613
0.7614
0.7617
0.7616
0.7614
0.7615
0.7612
0.7611
0.7605
0.7604
0.7609
0.761
0.7614
0.7613
0.7614
0.7612
0.7618
0.7612
0.762
0.7615
0.7621
0.7617
0.7621
0.762
0.7621
0.7622
0.7624
0.7625
0.7622
0.7619
0.7621
0.7618
0.7621
0.7622
0.7621
0.7616
0.7621
0.7621
0.7624
0.7618
0.7622
0.762
0.7625
0.7622
0.7623
0.7624
0.7625
0.7625
0.7626
0.7627
0.7626
0.7625
0.7622
0.7621
0.7625
0.7618
0.7612
0.762
0.7618
0.7615
0.7622
0.7615
0.762
0.7619
0.7626
0.7622
0.7629
0.7626
0.7628
0.7634
0.763
0.7629
0.763
0.7629
0.7627
0.7633
0.7634
0.7635
0.7631
0.7638
0.7627
0.7634
0.763
0.7631
0.7627
0.7629
0.7628
0.7628
0.7626
0.763
0.7634
0.7637
0.7642
0.7641
0.7638
0.7649
0.7637
0.7641
0.764
0.7635
0.764
0.7639
0.7641
0.764
0.7639
0.7648
0.7641
0.7642
0.7638
0.7639
0.7641
0.7639
0.7642
0.7639
0.7637
0.7638
0.7636
0.7639
0.7634
0.7631
0.7628
0.7631
0.7627
0.763
0.7628
0.7631
0.7629
0.7631
0.7633
0.7628
0.7628
0.7631
0.7626
0.7625
0.7625
0.7625
0.7622
0.763
0.7631
0.7625
0.7626
0.763
0.7628
0.7635
0.7629
0.7628
0.7631
0.763
0.7627
0.7627
0.7632
0.7628
0.763
0.7629
0.7629
0.7635
0.7629
0.7632
0.7633
0.763
0.7628
0.7636
0.7629
0.7631
0.7636
0.7635
0.7639
0.7638
0.7639
0.7637
0.7636
0.7637
0.7634
0.7637
0.7629
0.7636
0.763
0.7635
0.7632
0.7636
0.7637
0.7637
0.7634
0.7634
0.7638
0.7636
0.7638
0.7634
0.7629
0.7627
0.763
0.7627
0.763
0.763
0.7635
0.7637
0.7639
0.7631
0.7631
0.7634
0.7636
0.7641
0.7641
0.7637
0.7636
0.7634
0.7636
0.7635
0.7639
0.7632
0.7633
0.7633
0.7641
0.7641
0.7639
0.7633
0.7639
0.7635
0.7635
0.7631
0.7635
0.7633
0.7638
0.7636
0.7638
0.7637
0.7638
0.7636
0.7637
0.7634
0.7636
0.763
0.7632
0.7623
0.7629
0.7629
0.7628
0.763
0.762
0.7625
0.7624
0.7624
0.7626
0.7632
0.7629
0.7632
0.763
0.763
0.7631
0.7631
0.7631
0.7631
0.7634
0.763
0.7632
0.763
0.7634
0.7628
0.7631
0.7627
0.7625
0.7628
0.7628
0.7627
0.7627
0.7628
0.763
0.7627
0.7632
0.7627
0.7631
0.7629
0.7628
0.7628
0.7628
0.7626
0.7625
0.7623
0.7625
0.7626
0.7625
0.7622
0.7625
0.7627
0.7627
0.7626
0.763
0.763
0.7627
0.7634
0.7628
0.7626
0.7622
0.763
0.7625
0.7629
0.7629
0.7627
0.7625
0.7627
0.7627
0.7634
0.7634
0.7636
0.7635
0.7635
0.7632
0.7633
0.7632
0.7633
0.7632
0.7628
0.7626
0.763
0.7626
0.7627
0.763
0.7632
0.7632
0.7634
0.7632
0.7631
0.7632
0.7635
0.7633
0.7638
0.7633
0.7638
0.7633
0.7637
0.7632
0.7633
0.7634
0.763
0.7633
0.7631
0.7628
0.763
0.7629
0.763
0.7632
0.7636
0.7631
0.7634
0.7631
0.7628
0.7628
0.7622
0.7623
0.7624
0.7625
0.7624
0.7619
0.7619
0.762
0.7619
0.7624
0.762
0.7628
0.7625
0.7625
0.7633
0.7632
0.7629
0.7632
0.7627
0.7628
0.7627
0.7629
0.7625
0.7634
0.7623
0.7631
0.7624
0.7634
0.7625
0.7627
0.7624
0.7628
0.7623
0.7629
0.7622
0.7628
0.7624
0.7627
0.7627
0.763
0.7628
0.7629
0.7631
0.7631
0.7632
0.7631
0.7634
0.7629
0.7631
0.7628
0.7633
0.7638
0.7635
0.7635
0.7633
0.7634
0.7633
0.7637
0.7631
0.764
0.7635
0.7629
0.7634
0.7632
0.7638
0.7638
0.7637
0.7635
0.7631
0.7634
0.7632
0.7633
0.7634
0.7637
0.7634
0.763
0.7634
0.7634
0.7636
0.7634
0.7635
0.7632
0.7634
0.763
0.7633
0.7639
0.7638
0.764
0.764
0.764
0.7639
0.7643
0.7637
0.7631
0.7638
0.7636
0.7641
0.7639
0.7639
0.7642
0.7644
0.7643
0.7648
0.7649
0.7643
0.7645
0.764
0.7645
0.7643
0.7647
0.7645
0.7647
0.7648
0.7652
0.7645
0.7648
0.7647
0.7648
0.7647
0.7648
0.7643
0.7643
0.7644
0.7642
0.7639
0.764
0.7637
0.7636
0.7635
0.7641
0.764
0.7637
0.7634
0.7633
0.7631
0.764
0.763
0.7635
0.7634
0.7631
0.7634
0.7632
0.763
0.7634
0.7631
0.7637
0.7637
0.7636
0.7635
0.7638
0.7639
0.7644
0.7644
0.7642
0.7643
0.7643
0.764
0.7641
0.7635
0.7638
0.7636
0.7638
0.7641
0.7643
0.7637
0.7644
0.7638
0.7643
0.7641
0.764
0.7641
0.764
0.7634
0.7642
0.7635
0.7638
0.7635
0.7636
0.7636
0.7633
0.7637
0.7635
0.7633
0.7632
0.7634
0.7638
0.7637
0.7637
0.7636
0.7635
0.7635
0.764
0.7637
0.764
0.7639
0.764
0.764
0.764
0.7645
0.7645
0.7648
0.7647
0.7645
0.7644
0.7647
0.7648
0.7649
0.7647
0.7652
0.7651
0.7649
0.7649
0.7647
0.7648
0.7645
0.7651
0.7645
0.7648
0.7645
0.7648
0.7646
0.7649
0.7645
0.7647
0.7645
0.7645
0.7642
0.7641
0.7642
0.7643
0.7642
0.764
0.7642
0.7644
0.7639
0.7641
0.7647
0.7646
0.7646
0.7651
0.7644
0.7649
0.7647
0.7642
0.7637
0.764
0.7637
0.764
0.7641
0.7641
0.7638
0.7644
0.7639
0.7643
0.7638
0.7641
0.7638
0.764
0.7633
0.7637
0.7637
0.7636
0.7639
0.7638
0.7639
0.7642
0.7639
0.7643
0.7643
0.7646
0.7647
0.7646
0.7645
0.7647
0.7644
0.7642
0.7646
0.7643
0.7645
0.7644
0.7643
0.7642
0.764
0.7646
0.764
0.7644
0.7642
0.7643
0.7644
0.7639
0.7645
0.7641
0.7643
0.7642
0.764
0.7643
0.7641
0.764
0.7644
0.7646
0.7647
0.7645
0.7644
0.7649
0.7647
0.7647
0.7647
0.7646
0.7648
0.7648
0.7645
0.7647
0.7647
0.7647
0.7648
0.7646
0.7644
0.7645
0.7645
0.7645
0.7644
0.7651
0.7648
0.7649
0.7645
0.7654
0.7642
0.7648
0.7646
0.7649
0.7649
0.7652
0.765
0.7652
0.765
0.7653
0.7652
0.765
0.7652
0.7651
0.7655
0.7651
0.765
0.7648
0.7651
0.765
0.7651
0.7652
0.7651
0.7651
0.7655
0.765
0.7648
0.7645
0.765
0.7648
0.7644
0.7641
0.7644
0.7642
0.7646
0.7642
0.764
0.7642
0.7645
0.7642
0.7646
0.7648
0.7644
0.7644
0.7648
0.7644
0.764
0.7645
0.7642
0.7642
0.7645
0.7646
0.7648
0.7647
0.7645
0.7646
0.7645
0.7641
0.7648
0.7647
0.7652
0.7647
0.765
0.7647
0.7644
0.7646
0.7643
0.7643
0.7644
0.7645
0.7645
0.7643
0.7646
0.7645
0.765
0.7642
0.7647
0.7647
0.7648
0.7647
0.7644
0.7644
0.7641
0.7645
0.7643
0.7648
0.7644
0.7647
0.7648
0.7649
0.7653
0.7653
0.765
0.7654
0.7647
0.7653
0.7648
0.7648
0.7648
0.7651
0.765
0.7652
0.7653
0.7652
0.7651
0.7651
0.7655
0.765
0.7655
0.7652
0.7652
0.7649
0.7653
0.7655
0.7656
0.7648
0.7652
0.7652
0.7652
0.7651
0.7655
0.7653
0.7655
0.7651
0.7651
0.765
0.7651
0.7652
0.765
0.7651
0.7655
0.7659
0.7655
0.7656
0.7654
0.7653
0.7652
0.7657
0.7658
0.7658
0.7656
0.7659
0.7657
0.7659
0.766
0.7658
0.7652
0.7659
0.7655
0.7662
0.7659
0.7662
0.7661
0.7657
0.7663
0.766
0.7658
0.7652
0.7655
0.7653
0.7656
0.7648
0.7651
0.7652
0.7655
0.7652
0.7652
0.7648
0.7652
0.765
0.7653
0.7653
0.7657
0.7656
0.7659
0.7652
0.7654
0.7649
0.7651
0.7653
0.7654
0.7651
0.7653
0.7654
0.7654
0.7657
0.7649
0.7656
0.7652
0.7657
0.7657
0.7656
0.7654
0.7654
0.7654
0.7654
0.7654
0.7653
0.7651
0.7657
0.7655
0.7661
0.7661
0.7661
0.7662
0.7662
0.7665
0.7661
0.7665
0.7665
0.7662
0.7666
0.7666
0.7663
0.7658
0.766
0.7653
0.7662
0.7656
0.7664
0.766
0.7664
0.7663
0.7663
0.7661
0.7659
0.766
0.766
0.7664
0.7661
0.766
0.766
0.7657
0.7658
0.7663
0.7656
0.7657
0.7657
0.766
0.7659
0.7664
0.7662
0.7662
0.7661
0.7661
0.766
0.7665
0.7664
0.7665
0.7663
0.7662
0.7657
0.7657
0.7655
0.766
0.7658
0.7656
0.7654
0.7656
0.7652
0.7654
0.7652
0.7654
0.7655
0.7654
0.7651
0.7649
0.7655
0.7655
0.7652
0.7652
0.7649
0.7655
0.7653
0.7654
0.7652
0.7655
0.7653
0.7655
0.7654
0.7656
0.7657
0.7654
0.766
0.7658
0.7658
0.7657
0.7655
0.7657
0.7654
0.7655
0.7659
0.7657
0.766
0.7663
0.7661
0.7664
0.7663
0.7659
0.7659
0.7658
0.7658
0.7657
0.7658
0.7655
0.7654
0.7653
0.7654
0.7652
0.7655
0.7653
0.7652
0.7655
0.7659
0.7654
0.7652
0.7651
0.7655
0.7658
0.7654
0.7652
0.7653
0.7654
0.7654
0.7652
0.7656
0.7655
0.7656
0.7655
0.7653
0.7651
0.7652
0.7652
0.7652
0.765
0.7652
0.7654
0.7657
0.7656
0.7658
0.7656
0.7651
0.7652
0.7652
0.7655
0.7648
0.7657
0.7652
0.7655
0.7648
0.7652
0.7649
0.7655
0.7647
0.7653
0.7656
0.7656
0.7655
0.7654
0.7652
0.765
0.7652
0.7651
0.7653
0.7652
0.7658
0.7654
0.7655
0.7659
0.7661
0.7655
0.7655
0.7654
0.7653
0.7653
0.7656
0.7657
0.7656
0.7653
0.7654
0.7655
0.7654
0.7662
0.7659
0.7658
0.7658
0.7664
0.7664
0.7659
0.7657
0.766
0.766
0.7663
0.766
0.7658
0.7659
0.766
0.7659
0.7665
0.7659
0.7656
0.7659
0.7655
0.7657
0.7658
0.7659
0.766
0.7657
0.766
0.7661
0.7662
0.7659
0.7656
0.7657
0.7657
0.7657
0.7654
0.7657
0.7654
0.7654
0.7654
0.7658
0.7656
0.7656
0.7656
0.7657
0.7657
0.7659
0.7654
0.7656
0.7658
0.7659
0.7659
0.7664
0.766
0.7661
0.7662
0.7666
0.7664
0.7664
0.7664
0.7663
0.7658
0.7654
0.7653
0.766
0.7659
0.7664
0.7662
0.7658
0.7662
0.7657
0.7658
0.7656
0.7659
0.7663
0.7661
0.7659
0.7659
0.766
0.7655
0.7658
0.7659
0.7663
0.7657
0.7662
0.7658
0.7661
0.7662
0.766
0.7659
0.766
0.7661
0.7662
0.7659
0.766
0.7659
0.766
0.766
0.7655
0.7654
0.7652
0.7651
0.7652
0.7653
0.7649
0.7654
0.7653
0.765
0.7653
0.7653
0.7656
0.7652
0.7654
0.7653
0.7659
0.7655
0.7655
0.7656
0.7659
0.7659
0.7664
0.7658
0.7659
0.7657
0.7657
0.7657
0.766
0.766
0.7657
0.7659
0.7656
0.7655
0.7653
0.766
0.7656
0.7664
0.7662
0.7663
0.7663
0.7662
0.7665
0.7661
0.7662
0.7665
0.7659
0.7666
0.7661
0.7661
0.7661
0.7662
0.7661
0.7666
0.7664
0.7665
0.7667
0.7663
0.7663
0.7664
0.7666
0.7664
0.7666
0.7665
0.7661
0.7661
0.7662
0.7662
0.7661
0.7661
0.766
0.7659
0.7661
0.7659
0.7658
0.766
0.7658
0.7658
0.7656
0.7657
0.7655
0.766
0.766
0.7656
0.7656
0.7659
0.7655
0.766
0.7659
0.7658
0.7655
0.7656
0.7656
0.7657
0.7656
0.7654
0.7653
0.7655
0.7649
0.7653
0.7656
0.7658
0.7662
0.766
0.7656
0.7664
0.7663
0.7663
0.7662
0.7669
0.766
0.7663
0.766
0.766
0.7659
0.766
0.7659
0.766
0.7656
0.766
0.7657
0.7659
0.7657
0.7654
0.7654
0.7655
0.765
0.7651
0.7649
0.7646
0.7647
0.7647
0.765
0.7642
0.7647
0.7645
0.7646
0.7645
0.7647
0.7642
0.7642
0.7643
0.7648
0.7645
0.7648
0.7647
0.7646
0.7651
0.7648
0.7653
0.7653
0.7653
0.7653
0.7654
0.7653
0.7653
0.765
0.7653
0.7652
0.7653
0.7652
0.7649
0.7648
0.7653
0.7654
0.7653
0.7649
0.7649
0.7648
0.765
0.7651
0.7647
0.7651
0.7651
0.7654
0.7651
0.7654
0.7653
0.765
0.765
0.765
0.7648
0.765
0.7652
0.7644
0.7645
0.7644
0.7648
0.7648
0.7644
0.7644
0.7646
0.7645
0.7649
0.7651
0.7654
0.7649
0.7648
0.7644
0.7648
0.7647
0.7654
0.7645
0.7645
0.7647
0.7648
0.7643
0.7644
0.7642
0.7648
0.7647
0.7653
0.7646
0.7654
0.7651
0.765
0.7645
0.7652
0.765
0.7645
0.765
0.7652
0.7652
0.7655
0.7654
0.7653
0.7652
0.765
0.7647
0.7652
0.7647
0.7655
0.7645
0.7648
0.7648
0.7649
0.7646
0.7649
0.765
0.7649
0.7646
0.7646
0.7645
0.7648
0.7641
0.764
0.7642
0.7645
0.7638
0.7636
0.7639
0.764
0.7637
0.7639
0.764
0.7639
0.7639
0.7646
0.7647
0.7646
0.7644
0.765
0.7646
0.7651
0.7646
0.7647
0.7643
0.7646
0.7644
0.765
0.7644
0.7654
0.765
0.7652
0.7653
0.7651
0.7648
0.7646
0.7647
0.7643
0.7645
0.7645
0.7646
0.7648
0.7647
0.7648
0.765
0.7652
0.7649
0.7654
0.7653
0.7656
0.7651
0.7651
0.7646
0.7649
0.7648
0.765
0.7651
0.7653
0.7651
0.7648
0.7651
0.7653
0.7649
0.7651
0.7655
0.7653
0.7654
0.7648
0.765
0.7654
0.7653
0.7653
0.7656
0.7656
0.7653
0.7651
0.7651
0.7652
0.7655
0.7653
0.7654
0.7654
0.765
0.7647
0.7649
0.7646
0.7645
0.7649
0.7652
0.7651
0.7651
0.7652
0.765
0.7651
0.7653
0.7652
0.7652
0.7655
0.7651
0.7651
0.7653
0.7648
0.7651
0.7645
0.7649
0.765
0.7653
0.7653
0.7655
0.7651
0.7656
0.7652
0.7656
0.765
0.7653
0.7653
0.7645
0.7644
0.7651
0.7646
0.7648
0.7649
0.7648
0.7648
0.7651
0.7651
0.7649
0.7652
0.7647
0.7646
0.7649
0.7646
0.7647
0.7648
0.765
0.7648
0.7648
0.7651
0.7648
0.7655
0.7649
0.7651
0.7651
0.765
0.765
0.7649
0.7647
0.7649
0.7651
0.765
0.7647
0.7646
0.765
0.7646
0.7645
0.7642
0.7643
0.7643
0.7646
0.7641
0.7647
0.7638
0.7645
0.7644
0.7646
0.7645
0.7642
0.7645
0.7645
0.7643
0.7645
0.7646
0.7651
0.7649
0.7649
0.7641
0.7641
0.7639
0.7646
0.7646
0.7649
0.7647
0.7649
0.7646
0.7651
0.7647
0.7648
0.7643
0.7649
0.7641
0.7648
0.7647
0.7647
0.7649
0.7651
0.7655
0.7652
0.7654
0.765
0.7648
0.7647
0.7651
0.7648
0.7649
0.765
0.7649
0.765
0.765
0.765
0.7641
0.7647
0.7647
0.765
0.7644
0.7648
0.7648
0.765
0.7649
0.7648
0.7648
0.7649
0.7646
0.7646
0.7647
0.7653
0.7649
0.765
0.7648
0.7651
0.7649
0.7652
0.7649
0.7652
0.7652
0.7653
0.7649
0.765
0.7649
0.7648
0.7649
0.765
0.7652
0.7652
0.7649
0.7649
0.7648
0.7654
0.7653
0.7654
0.7656
0.7652
0.7656
0.7654
0.7656
0.7653
0.7659
0.7655
0.7658
0.7658
0.7659
0.7659
0.7662
0.7661
0.7659
0.7665
0.7664
0.766
0.7666
0.7665
0.7661
0.766
0.7664
0.766
0.7659
0.7657
0.7661
0.7656
0.7661
0.7659
0.7658
0.7655
0.7655
0.7658
0.7654
0.7657
0.7655
0.7651
0.7656
0.7654
0.7657
0.7652
0.7655
0.7652
0.7657
0.765
0.7651
0.7651
0.7649
0.7648
0.7649
0.7648
0.7653
0.7655
0.7653
0.7649
0.7651
0.7647
0.7648
0.765
0.765
0.7648
0.7653
0.7647
0.7649
0.7646
0.7647
0.7646
0.7647
0.7649
0.7648
0.7647
0.7653
0.7653
0.7651
0.7653
0.7655
0.7653
0.7654
0.7648
0.7649
0.7652
0.7655
0.7656
0.7652
0.7651
0.7654
0.7652
0.7651
0.7652
0.765
0.7653
0.7652
0.7653
0.7649
0.7653
0.7648
0.7654
0.7646
0.7654
0.7647
0.7655
0.7653
0.7656
0.7651
0.765
0.7652
0.7652
0.7656
0.7655
0.7659
0.7652
0.7653
0.7654
0.7653
0.7654
0.7653
0.7656
0.7652
0.7652
0.7657
0.7656
0.7651
0.7655
0.7653
0.7661
0.7657
0.7661
0.7659
0.7659
0.7658
0.7665
0.7657
0.7658
0.7657
0.7659
0.7651
0.7654
0.765
0.7657
0.7656
0.7661
0.7657
0.7658
0.766
0.7656
0.766
0.766
0.766
0.7666
0.7663
0.7661
0.7663
0.7664
0.7668
0.7662
0.7666
0.7662
0.7663
0.7663
0.7661
0.7661
0.7658
0.766
0.766
0.7661
0.7655
0.7659
0.7655
0.7661
0.7657
0.7661
0.7662
0.7664
0.766
0.7665
0.7661
0.7664
0.7662
0.7663
0.7662
0.766
0.766
0.7666
0.7666
0.7661
0.7663
0.7658
0.7664
0.7663
0.7669
0.767
0.7669
0.7668
0.7667
0.7665
0.7668
0.767
0.7666
0.7668
0.7665
0.7664
0.7663
0.7666
0.7666
0.7671
0.767
0.7673
0.7669
0.7669
0.7664
0.7666
0.7665
0.7671
0.7667
0.7671
0.7667
0.7672
0.7672
0.7673
0.7667
0.7668
0.7671
0.767
0.7666
0.7671
0.7669
0.7674
0.7671
0.7672
0.7673
0.7671
0.7672
0.7671
0.7668
0.7667
0.7662
0.7665
0.7664
0.7667
0.7665
0.7669
0.7662
0.767
0.766
0.7668
0.7664
0.7668
0.767
0.767
0.7672
0.7673
0.7673
0.7671
0.767
0.767
0.7671
0.7669
0.7675
0.7679
0.7675
0.7677
0.7674
0.7676
0.7673
0.7671
0.7679
0.7676
0.7679
0.7675
0.7674
0.7673
0.7674
0.7673
0.7672
0.767
0.7673
0.7668
0.7672
0.7668
0.7673
0.767
0.7669
0.7673
0.7675
0.7674
0.7677
0.767
0.7675
0.7674
0.7673
0.7673
0.7674
0.7676
0.7676
0.7676
0.7677
0.7679
0.7679
0.768
0.7682
0.7679
0.7682
0.7682
0.7683
0.7683
0.7687
0.7682
0.7686
0.768
0.7682
0.7682
0.7684
0.7679
0.768
0.768
0.7681
0.7684
0.7679
0.7685
0.7686
0.7686
0.7683
0.7683
0.7682
0.768
0.7681
0.7683
0.7683
0.7682
0.7685
0.7681
0.7687
0.7686
0.7688
0.7684
0.7686
0.7681
0.7678
0.7682
0.7679
0.7679
0.7682
0.7677
0.7681
0.7676
0.7683
0.7683
0.7683
0.7683
0.7681
0.7685
0.7687
0.7686
0.7686
0.7685
0.7688
0.769
0.7693
0.7688
0.7685
0.7687
0.7691
0.769
0.7692
0.7694
0.7692
0.7689
0.7689
0.7691
0.7694
0.7686
0.7696
0.7687
0.7694
0.7689
0.7689
0.7685
0.7688
0.7689
0.7689
0.7685
0.7688
0.7685
0.7687
0.7681
0.7687
0.7687
0.7687
0.7687
0.7685
0.7684
0.7684
0.768
0.7682
0.7679
0.7683
0.768
0.7682
0.7677
0.768
0.7675
0.7676
0.7676
0.7676
0.7672
0.7672
0.7673
0.7674
0.7672
0.7676
0.7674
0.7678
0.7677
0.7677
0.7681
0.7678
0.768
0.7678
0.7682
0.7676
0.7683
0.7676
0.7678
0.7677
0.7675
0.7674
0.7675
0.7672
0.7676
0.7675
0.7676
0.768
0.7681
0.7676
0.7681
0.7679
0.7679
0.768
0.768
0.7674
0.768
0.7683
0.7681
0.7674
0.7675
0.7685
0.7683
0.7687
0.7684
0.7683
0.7687
0.7688
0.7685
0.7684
0.7686
0.7686
0.7687
0.7684
0.7688
0.7686
0.7691
0.7687
0.769
0.7689
0.7688
0.7688
0.7687
0.7684
0.7684
0.769
0.7689
0.7689
0.7688
0.7691
0.7685
0.7687
0.7686
0.7691
0.7691
0.7689
0.7689
0.7688
0.7689
0.769
0.769
0.7688
0.7692
0.7694
0.7693
0.7694
0.7691
0.7691
0.7692
0.7689
0.7688
0.7685
0.769
0.769
0.7692
0.7692
0.7692
0.7689
0.7694
0.7687
0.7693
0.7688
0.7691
0.7687
0.7687
0.7687
0.7686
0.7688
0.7686
0.7684
0.7685
0.7683
0.7686
0.7688
0.7686
0.7687
0.7684
0.7689
0.7686
0.7687
0.7691
0.7688
0.769
0.769
0.7687
0.7684
0.7687
0.7688
0.7692
0.7689
0.7692
0.7688
0.769
0.7691
0.7692
0.7693
0.7692
0.7693
0.7697
0.7688
0.7695
0.7692
0.7696
0.7695
0.7691
0.769
0.7688
0.7689
0.7695
0.7692
0.7697
0.7697
0.7688
0.7688
0.7688
0.7688
0.7688
0.7688
0.769
0.7688
0.7688
0.7685
0.7684
0.7686
0.7681
0.7686
0.7684
0.7686
0.7683
0.7685
0.7682
0.7686
0.7687
0.7688
0.769
0.7688
0.7689
0.7685
0.7691
0.7686
0.769
0.7685
0.7686
0.768
0.7683
0.7683
0.7682
0.7687
0.7679
0.7685
0.768
0.7685
0.7684
0.7684
0.7685
0.7683
0.7683
0.7682
0.7677
0.7682
0.768
0.7682
0.7677
0.7676
0.7678
0.7679
0.7678
0.7681
0.7681
0.7681
0.7682
0.7677
0.768
0.7681
0.7683
0.7686
0.768
0.7682
0.7681
0.7681
0.7682
0.7682
0.7682
0.7683
0.7683
0.7679
0.7679
0.7676
0.7683
0.7682
0.768
0.768
0.7678
0.7681
0.7676
0.7682
0.768
0.7686
0.7684
0.7686
0.7684
0.7686
0.7685
0.7682
0.7682
0.7684
0.7684
0.7685
0.7684
0.7686
0.7682
0.7683
0.7685
0.7683
0.7684
0.7687
0.7685
0.7681
0.7684
0.7681
0.7684
0.7682
0.7687
0.7687
0.7687
0.7685
0.7686
0.769
0.7684
0.7684
0.768
0.7682
0.7682
0.7684
0.7684
0.7681
0.7682
0.7685
0.7684
0.7686
0.769
0.7688
0.7685
0.7685
0.7684
0.7687
0.7688
0.7685
0.7683
0.7684
0.7681
0.7685
0.7682
0.7688
0.7682
0.7688
0.7684
0.7687
0.7682
0.7684
0.7685
0.7684
0.7684
0.7683
0.7683
0.768
0.7682
0.7683
0.7682
0.7683
0.7685
0.7686
0.7684
0.7685
0.7683
0.7682
0.7687
0.7681
0.7683
0.7677
0.7682
0.7682
0.7678
0.7681
0.7681
0.7681
0.768
0.768
0.7684
0.7682
0.7682
0.7684
0.7685
0.7682
0.7683
0.7681
0.7677
0.7682
0.7686
0.7683
0.768
0.7683
0.7685
0.7683
0.768
0.7681
0.7683
0.7683
0.7681
0.7679
0.7682
0.7682
0.7681
0.7683
0.7683
0.7682
0.7681
0.7682
0.7684
0.7684
0.7684
0.7684
0.7684
0.7685
0.7684
0.7683
0.7686
0.7686
0.7684
0.7683
0.769
0.768
0.7686
0.7681
0.7679
0.7678
0.7679
0.7675
0.7676
0.7684
0.768
0.7685
0.768
0.7685
0.7685
0.7687
0.7685
0.7682
0.7686
0.7687
0.7686
0.7688
0.7686
0.7686
0.7687
0.7688
0.7688
0.7688
0.769
0.7687
0.7687
0.7687
0.7686
0.7685
0.7684
0.7686
0.7685
0.768
0.7684
0.7682
0.7681
0.7681
0.7682
0.7679
0.7685
0.768
0.7683
0.7678
0.7679
0.7676
0.7677
0.7679
0.7679
0.7682
0.7683
0.7679
0.7681
0.7687
0.7684
0.7683
0.7684
0.7681
0.7679
0.768
0.7679
0.7681
0.768
0.7681
0.7676
0.7682
0.7677
0.7681
0.768
0.7679
0.7678
0.7677
0.768
0.7678
0.768
0.7681
0.7677
0.7679
0.7679
0.7681
0.7678
0.7676
0.7671
0.7673
0.7677
0.7674
0.7676
0.7676
0.7677
0.7678
0.7674
0.7674
0.7677
0.7674
0.7678
0.7678
0.7676
0.7679
0.7676
0.7675
0.7675
0.7673
0.7672
0.7673
0.7678
0.7673
0.7672
0.7671
0.7671
0.7675
0.7669
0.7672
0.7672
0.767
0.7668
0.7671
0.7669
0.7669
0.7666
0.7665
0.7671
0.767
0.7671
0.7667
0.7671
0.767
0.7675
0.7673
0.7675
0.7671
0.7673
0.7669
0.7674
0.767
0.7674
0.7672
0.7673
0.7675
0.7675
0.7675
0.7674
0.7673
0.7678
0.767
0.7679
0.7674
0.7676
0.7674
0.7679
0.7677
0.7682
0.7679
0.7678
0.7677
0.7676
0.7676
0.7674
0.7676
0.7678
0.7673
0.7677
0.7671
0.7676
0.7678
0.7677
0.7679
0.7677
0.7679
0.7677
0.7678
0.7677
0.7673
0.7676
0.7671
0.7673
0.7675
0.7672
0.7674
0.767
0.7669
0.7669
0.7671
0.7669
0.7668
0.767
0.7666
0.767
0.7673
0.7673
0.767
0.7666
0.7668
0.7669
0.7668
0.7672
0.7667
0.7664
0.7668
0.7664
0.7664
0.7663
0.7664
0.7665
0.7666
0.7668
0.7662
0.7668
0.7665
0.7668
0.766
0.7666
0.7663
0.7665
0.7665
0.7662
0.7665
0.7663
0.7665
0.7666
0.7668
0.7664
0.7666
0.7664
0.7667
0.7665
0.7665
0.7665
0.7662
0.7666
0.7666
0.7662
0.7664
0.7664
0.7669
0.7665
0.7671
0.7664
0.7664
0.7666
0.7661
0.7667
0.7665
0.7667
0.7663
0.7664
0.7661
0.7664
0.7666
0.766
0.7661
0.7666
0.7663
0.7663
0.7659
0.7661
0.766
0.7664
0.7661
0.7666
0.7662
0.7665
0.7661
0.7665
0.7662
0.7668
0.7666
0.7666
0.7668
0.7662
0.7665
0.7666
0.7664
0.7667
0.7668
0.7671
0.7668
0.7668
0.7666
0.7666
0.7669
0.7667
0.7665
0.7665
0.7668
0.7669
0.7665
0.7669
0.767
0.7668
0.7666
0.7664
0.7667
0.766
0.7665
0.766
0.7662
0.7667
0.7665
0.767
0.767
0.7671
0.7663
0.7669
0.7666
0.7667
0.7671
0.7671
0.7668
0.767
0.7669
0.7667
0.7665
0.7666
0.7667
0.7669
0.7668
0.7672
0.7668
0.7668
0.7668
0.7671
0.7667
0.7669
0.7665
0.7667
0.7666
0.7667
0.7668
0.7669
0.7669
0.7668
0.7666
0.7672
0.7669
0.7672
0.7667
0.7674
0.7666
0.7671
0.7668
0.7677
0.7672
0.7672
0.7678
0.7676
0.7672
0.7672
0.7675
0.7674
0.7667
0.767
0.767
0.7672
0.767
0.7672
0.7673
0.7667
0.7672
0.7673
0.7666
0.7669
0.7665
0.7668
0.7665
0.7669
0.7669
0.7663
0.7667
0.7665
0.7665
0.7666
0.7666
0.7669
0.7664
0.7664
0.7666
0.7666
0.7663
0.7666
0.7663
0.7665
0.7666
0.7667
0.7667
0.7669
0.7669
0.767
0.7668
0.767
0.7665
0.7665
0.7668
0.7665
0.7668
0.7665
0.7665
0.7665
0.7668
0.7669
0.7666
0.7668
0.7663
0.7666
0.7669
0.7665
0.7663
0.7663
0.7665
0.7663
0.7667
0.7668
0.7668
0.7665
0.7662
0.7665
0.7666
0.7664
0.7666
0.7663
0.7663
0.7665
0.7663
0.7668
0.7663
0.7663
0.7664
0.7666
0.7666
0.7663
0.7659
0.7659
0.7659
0.7665
0.7661
0.7658
0.7658
0.766
0.766
0.7662
0.7661
0.766
0.7662
0.766
0.766
0.7663
0.7659
0.7663
0.7662
0.7664
0.7659
0.7662
0.7661
0.7663
0.7663
0.7667
0.7665
0.7667
0.7664
0.7666
0.7662
0.7665
0.7667
0.7671
0.7667
0.7671
0.7668
0.7672
0.767
0.7669
0.7666
0.7668
0.7665
0.7669
0.7666
0.7671
0.7669
0.7668
0.767
0.7668
0.767
0.7668
0.7662
0.7669
0.7667
0.7667
0.7664
0.7664
0.7663
0.7664
0.7666
0.7666
0.7668
0.7662
0.7661
0.7663
0.7662
0.7667
0.7664
0.7666
0.7662
0.7669
0.7665
0.7666
0.7669
0.7672
0.7669
0.7674
0.7673
0.7671
0.7669
0.7674
0.7673
0.7671
0.767
0.767
0.7671
0.7663
0.7667
0.767
0.7663
0.7665
0.7667
0.7665
0.7667
0.7667
0.7669
0.7668
0.767
0.7669
0.7674
0.7676
0.7674
0.7673
0.7672
0.7674
0.7674
0.7676
0.7671
0.7673
0.767
0.7667
0.7665
0.7668
0.7668
0.7672
0.7669
0.7677
0.7668
0.7676
0.7671
0.7678
0.7674
0.7679
0.7672
0.7676
0.7674
0.7673
0.7671
0.7676
0.767
0.7676
0.7673
0.7677
0.7676
0.7677
0.7678
0.7676
0.7675
0.7682
0.7674
0.7677
0.7675
0.7674
0.7674
0.7672
0.7673
0.7676
0.7673
0.7676
0.7674
0.7676
0.7678
0.7677
0.7678
0.7676
0.7677
0.7679
0.7678
0.7679
0.7684
0.7686
0.7685
0.7679
0.7682
0.7681
0.7676
0.7678
0.7681
0.7685
0.7683
0.7683
0.7685
0.7682
0.7681
0.7679
0.768
0.7683
0.7682
0.768
0.7681
0.7677
0.7678
0.7679
0.7679
0.7676
0.7679
0.7681
0.7685
0.7685
0.7694
0.7694
0.7692
0.7684
0.7685
0.7687
0.7685
0.7685
0.7684
0.7682
0.7681
0.7675
0.7679
0.768
0.7678
0.768
0.7679
0.768
0.768
0.768
0.768
0.7676
0.7681
0.7677
0.7678
0.7677
0.7676
0.7675
0.7675
0.7676
0.7671
0.7677
0.7673
0.767
0.7673
0.7672
0.7675
0.7677
0.7677
0.7675
0.7675
0.7676
0.7676
0.7675
0.7675
0.7677
0.7674
0.7677
0.7673
0.767
0.7669
0.767
0.7671
0.7673
0.7669
0.7672
0.7675
0.7675
0.7675
0.7672
0.7675
0.7671
0.7671
0.7675
0.7673
0.7673
0.7671
0.7674
0.7676
0.7672
0.7675
0.7673
0.7672
0.7671
0.7668
0.7667
0.7669
0.7668
0.7667
0.7669
0.7669
0.7672
0.7672
0.767
0.7672
0.7676
0.7669
0.7672
0.7667
0.7669
0.7671
0.767
0.7668
0.7671
0.7667
0.7667
0.7667
0.7666
0.7663
0.7664
0.7665
0.7667
0.7665
0.7665
0.7664
0.7666
0.7667
0.7667
0.7666
0.7665
0.7662
0.7667
0.7663
0.7664
0.7665
0.7663
0.7664
0.7664
0.7667
0.7662
0.7667
0.7663
0.7664
0.7662
0.7665
0.7659
0.7662
0.766
0.766
0.7658
0.7666
0.766
0.7661
0.7661
0.7661
0.7663
0.767
0.7667
0.7665
0.7666
0.7665
0.7669
0.7665
0.7661
0.7667
0.7666
0.767
0.7669
0.7666
0.7665
0.7667
0.767
0.7666
0.7667
0.7669
0.7664
0.7666
0.7667
0.7668
0.7666
0.7664
0.7664
0.7664
0.7661
0.7663
0.7662
0.7663
0.7665
0.7663
0.7663
0.766
0.7663
0.7663
0.7662
0.7662
0.766
0.7666
0.7663
0.7662
0.7666
0.7662
0.7664
0.7664
0.7665
0.7665
0.7666
0.7665
0.7665
0.7665
0.7663
0.7664
0.7662
0.7665
0.7665
0.7666
0.7667
0.767
0.7671
0.7669
0.767
0.7669
0.767
0.767
0.7671
0.7673
0.767
0.7665
0.7668
0.7668
0.767
0.7665
0.767
0.7666
0.767
0.7668
0.7665
0.7668
0.7668
0.7668
0.7671
0.7671
0.7669
0.7667
0.7669
0.7669
0.7671
0.7668
0.7669
0.7668
0.7669
0.7668
0.7668
0.7667
0.7669
0.7671
0.7668
0.7673
0.7671
0.7671
0.767
0.7668
0.7669
0.7669
0.7668
0.7673
0.767
0.7672
0.767
0.7671
0.7667
0.7672
0.7668
0.7669
0.7668
0.7667
0.7668
0.7668
0.7668
0.7663
0.7666
0.7665
0.7666
0.7666
0.7665
0.7665
0.7662
0.7668
0.7662
0.7663
0.7666
0.7668
0.7667
0.7671
0.7666
0.7673
0.7671
0.7669
0.7672
0.7669
0.7668
0.7669
0.7668
0.7667
0.7666
0.7668
0.7662
0.7664
0.7663
0.7664
0.7665
0.7663
0.7665
0.7665
0.7668
0.767
0.7669
0.7667
0.7666
0.7664
0.7667
0.7667
0.7666
0.7669
0.7671
0.767
0.7672
0.7675
0.767
0.7671
0.767
0.7668
0.7671
0.767
0.7671
0.7669
0.767
0.7666
0.7667
0.7669
0.7669
0.7671
0.7671
0.7668
0.7669
0.7667
0.7668
0.7668
0.767
0.7671
0.7669
0.7673
0.7671
0.7669
0.7671
0.7674
0.7672
0.767
0.7672
0.7674
0.7671
0.767
0.767
0.7672
0.7666
0.7668
0.7667
0.7668
0.7667
0.7668
0.7663
0.7666
0.7665
0.7665
0.7666
0.7666
0.7664
0.7664
0.7666
0.7668
0.7669
0.7666
0.7665
0.7667
0.7665
0.7667
0.7661
0.7664
0.7664
0.7668
0.7664
0.7667
0.7665
0.7664
0.766
0.7665
0.7662
0.7662
0.7664
0.767
0.7666
0.7673
0.7667
0.7673
0.7667
0.7669
0.7667
0.7671
0.7669
0.7669
0.7665
0.7666
0.7668
0.7671
0.7669
0.7675
0.7672
0.7678
0.7674
0.7675
0.7674
0.7673
0.7673
0.7668
0.7665
0.767
0.7666
0.7672
0.7664
0.7671
0.7665
0.7669
0.7666
0.7667
0.7667
0.7664
0.7663
0.7666
0.7661
0.7667
0.7666
0.7667
0.7668
0.7669
0.7675
0.7672
0.7668
0.7674
0.7676
0.7673
0.7672
0.767
0.7672
0.7674
0.7674
0.7674
0.7678
0.7676
0.7675
0.7675
0.7671
0.7675
0.7669
0.7669
0.7672
0.7667
0.7666
0.7667
0.7669
0.767
0.7664
0.7668
0.7665
0.7669
0.7666
0.7669
0.7665
0.7666
0.7668
0.7668
0.7664
0.7668
0.7668
0.767
0.767
0.7673
0.767
0.7672
0.7672
0.7669
0.7672
0.767
0.7672
0.7674
0.7672
0.7671
0.7671
0.767
0.7669
0.7667
0.767
0.7672
0.7673
0.7676
0.7675
0.767
0.7671
0.7668
0.7676
0.7667
0.7674
0.7673
0.7676
0.7672
0.7673
0.7671
0.7671
0.7671
0.7675
0.7675
0.7673
0.7665
0.7666
0.7667
0.7671
0.7668
0.7671
0.7668
0.7673
0.7674
0.7674
0.7673
0.7676
0.7674
0.7676
0.7674
0.7673
0.7672
0.7669
0.7673
0.7675
0.7674
0.7672
0.7673
0.7676
0.7674
0.7671
0.7672
0.7672
0.767
0.7676
0.767
0.767
0.7669
0.767
0.7668
0.7669
0.7668
0.767
0.7668
0.7671
0.7669
0.767
0.7664
0.7668
0.7668
0.767
0.7673
0.7667
0.767
0.7674
0.7671
0.7675
0.7671
0.7671
0.7673
0.7673
0.767
0.7674
0.7672
0.7672
0.7671
0.7673
0.7674
0.7671
0.7672
0.7675
0.7674
0.7675
0.7675
0.7672
0.7673
0.7678
0.7675
0.7677
0.7676
0.7676
0.7678
0.7676
0.7678
0.768
0.7677
0.7676
0.7675
0.7679
0.7676
0.7675
0.7674
0.7675
0.7674
0.7679
0.7678
0.7678
0.7679
0.7683
0.7679
0.7677
0.7677
0.7683
0.7678
0.7682
0.7681
0.7681
0.768
0.7681
0.7676
0.7677
0.7679
0.768
0.7684
0.7686
0.7687
0.7687
0.7678
0.7678
0.7678
0.7678
0.7676
0.7678
0.7675
0.7672
0.7675
0.7674
0.7673
0.7673
0.7673
0.7671
0.7677
0.7674
0.7673
0.7675
0.7674
0.7676
0.7681
0.7679
0.768
0.7681
0.7683
0.7677
0.7681
0.7672
0.7678
0.7671
0.7674
0.7677
0.7676
0.7677
0.7677
0.7677
0.7678
0.7676
0.7676
0.7675
0.7675
0.7676
0.7676
0.7677
0.7676
0.7679
0.7674
0.768
0.7679
0.7682
0.7684
0.7681
0.7679
0.7683
0.7684
0.768
0.7683
0.7682
0.7682
0.7682
0.7683
0.7685
0.7684
0.7683
0.7682
0.7684
0.7683
0.7683
0.7685
0.7687
0.7683
0.7682
0.7683
0.7683
0.7682
0.7686
0.7682
0.7685
0.7685
0.7684
0.7684
0.7684
0.7683
0.7685
0.7681
0.7684
0.7684
0.7686
0.7683
0.7684
0.7684
0.7682
0.7681
0.7679
0.7687
0.7684
0.7686
0.7687
0.7686
0.7686
0.769
0.7687
0.769
0.7689
0.7688
0.7685
0.7684
0.7685
0.7687
0.7683
0.7682
0.7682
0.7683
0.7681
0.7687
0.7681
0.768
0.768
0.7685
0.7679
0.7682
0.7676
0.7681
0.7679
0.7683
0.7683
0.7684
0.7679
0.7679
0.768
0.7679
0.7679
0.7681
0.7679
0.7678
0.7675
0.7678
0.7678
0.7681
0.7674
0.7676
0.7679
0.7681
0.7677
0.7682
0.768
0.7687
0.7685
0.7684
0.768
0.7685
0.7683
0.768
0.7682
0.768
0.7681
0.7678
0.7675
0.7677
0.768
0.7679
0.7682
0.7678
0.768
0.768
0.7679
0.768
0.7678
0.7679
0.7678
0.7679
0.768
0.7682
0.7679
0.7682
0.7681
0.7677
0.7679
0.7681
0.7682
0.7686
0.7682
0.7684
0.7687
0.7685
0.7682
0.7688
0.7686
0.7691
0.7686
0.7687
0.7686
0.7685
0.7685
0.7687
0.7684
0.7683
0.7685
0.7685
0.7687
0.7682
0.7686
0.7685
0.7685
0.7687
0.7685
0.7684
0.7679
0.7683
0.7683
0.7686
0.7689
0.7686
0.7688
0.7686
0.7686
0.7689
0.7685
0.7687
0.7684
0.7685
0.7684
0.7686
0.7687
0.7685
0.7684
0.7685
0.7685
0.7685
0.7687
0.7688
0.7686
0.7688
0.7686
0.7685
0.7685
0.7684
0.7683
0.7687
0.7684
0.7685
0.7684
0.7683
0.7684
0.7683
0.7684
0.7683
0.7684
0.7682
0.7685
0.768
0.7682
0.7681
0.7682
0.7684
0.7685
0.7684
0.7683
0.7683
0.7687
0.7684
0.7686
0.7685
0.7682
0.7679
0.7683
0.7679
0.7682
0.7673
0.7677
0.7674
0.7674
0.7677
0.7672
0.7674
0.7674
0.7676
0.7676
0.7682
0.768
0.7682
0.7677
0.7679
0.768
0.7678
0.7681
0.7676
0.7679
0.7674
0.7672
0.7675
0.768
0.7679
0.7676
0.7677
0.7677
0.7678
0.7674
0.7679
0.7676
0.7679
0.7676
0.7676
0.768
0.7681
0.7681
0.7682
0.7678
0.7678
0.7677
0.7681
0.7677
0.7678
0.7678
0.7679
0.7683
0.7681
0.7684
0.7678
0.7681
0.7679
0.7679
0.768
0.768
0.7681
0.7679
0.7681
0.7676
0.7678
0.7679
0.7676
0.7675
0.7678
0.7676
0.7674
0.7675
0.7679
0.7678
0.7678
0.7677
0.768
0.7677
0.7679
0.7679
0.7676
0.768
0.7675
0.7676
0.7676
0.7683
0.7677
0.7679
0.7676
0.768
0.7681
0.7679
0.7681
0.7678
0.7682
0.7678
0.7681
0.7681
0.7681
0.7681
0.7685
0.7682
0.7683
0.7685
0.7681
0.7682
0.7683
0.7688
0.7686
0.7683
0.7685
0.7682
0.7684
0.7685
0.7682
0.7684
0.7683
0.7683
0.768
0.7683
0.7677
0.7681
0.7681
0.7674
0.7675
0.7673
0.7676
0.7678
0.7677
0.7682
0.7676
0.7677
0.7679
0.7685
0.7684
0.7683
0.7682
0.7683
0.768
0.7683
0.7686
0.7687
0.7686
0.7684
0.7684
0.7687
0.7683
0.7689
0.7685
0.7687
0.7683
0.7685
0.768
0.7681
0.7678
0.7676
0.7679
0.7675
0.7679
0.7676
0.7676
0.7675
0.7676
0.7676
0.768
0.7679
0.768
0.7676
0.7677
0.7678
0.7681
0.7673
0.7675
0.7674
0.7675
0.7678
0.7681
0.7679
0.7678
0.7679
0.7677
0.7682
0.7681
0.7677
0.7678
0.7676
0.7677
0.768
0.7682
0.7681
0.768
0.7687
0.7682
0.7685
0.768
0.7684
0.768
0.7682
0.7681
0.7683
0.768
0.7684
0.7681
0.7684
0.7681
0.7683
0.768
0.7686
0.7682
0.7684
0.7683
0.7685
0.7685
0.7682
0.7685
0.7677
0.7679
0.768
0.7681
0.7678
0.7679
0.7678
0.7678
0.7683
0.7681
0.7681
0.7676
0.7682
0.7678
0.768
0.7681
0.7681
0.7686
0.7683
0.7686
0.7686
0.769
0.7683
0.7683
0.7681
0.7685
0.7682
0.7685
0.7689
0.7686
0.7686
0.7682
0.7686
0.7686
0.7682
0.7686
0.7685
0.7685
0.7687
0.7686
0.7685
0.7684
0.7685
0.7686
0.7684
0.7685
0.7684
0.7681
0.7684
0.7687
0.7686
0.7684
0.7684
0.7684
0.7686
0.7681
0.7685
0.7684
0.7685
0.7686
0.7685
0.7686
0.7683
0.7681
0.768
0.7687
0.7677
0.7682
0.7672
0.7677
0.7675
0.768
0.7676
0.7676
0.7676
0.7679
0.7679
0.7681
0.7683
0.768
0.7681
0.7681
0.7682
0.7679
0.7679
0.7678
0.7676
0.7679
0.7679
0.768
0.768
0.7684
0.7682
0.7684
0.7685
0.7687
0.7691
0.7686
0.769
0.7691
0.7691
0.7692
0.7686
0.769
0.7685
0.7692
0.7687
0.769
0.7687
0.7688
0.7684
0.7687
0.7683
0.7685
0.7682
0.7685
0.7679
0.7682
0.7682
0.7681
0.768
0.7683
0.7681
0.768
0.7682
0.7683
0.768
0.7685
0.7682
0.7684
0.7682
0.7681
0.7681
0.7686
0.7681
0.7683
0.7683
0.768
0.7681
0.7679
0.768
0.7679
0.7678
0.7679
0.768
0.7681
0.7679
0.7678
0.7681
0.7676
0.7677
0.7676
0.7675
0.7676
0.7675
0.7676
0.7672
0.7669
0.767
0.7671
0.7671
0.7673
0.7673
0.7673
0.767
0.7672
0.7675
0.7671
0.767
0.767
0.7675
0.7669
0.7674
0.7669
0.7673
0.7669
0.7675
0.7672
0.7675
0.7671
0.7672
0.7674
0.7674
0.767
0.7675
0.767
0.7676
0.7672
0.7676
0.7671
0.7674
0.7671
0.7674
0.767
0.7673
0.7672
0.7675
0.7671
0.7674
0.767
0.7674
0.767
0.7672
0.7671
0.7674
0.7673
0.7673
0.7675
0.7673
0.7674
0.7675
0.7675
0.7677
0.7673
0.7672
0.7674
0.7674
0.7676
0.7672
0.7671
0.7672
0.767
0.7671
0.7672
0.7672
0.7674
0.7675
0.7676
0.7676
0.7669
0.7679
0.7674
0.7674
0.7676
0.7678
0.768
0.7678
0.7675
0.7676
0.7677
0.7678
0.7679
0.7678
0.7678
0.7678
0.7679
0.7682
0.7679
0.7677
0.7678
0.7675
0.7677
0.7677
0.7677
0.7677
0.768
0.767
0.7679
0.7673
0.768
0.7677
0.7677
0.7674
0.7675
0.7675
0.7671
0.7675
0.7676
0.7674
0.768
0.7674
0.7677
0.7673
0.7676
0.7672
0.7674
0.767
0.767
0.7668
0.7671
0.7666
0.7673
0.7671
0.7673
0.7669
0.7671
0.7667
0.7666
0.7667
0.7669
0.7666
0.7669
0.7665
0.7669
0.7666
0.7666
0.7664
0.7664
0.7668
0.7663
0.7668
0.7662
0.7662
0.7659
0.7659
0.766
0.7661
0.7661
0.7662
0.7664
0.7662
0.7664
0.7666
0.7665
0.7669
0.767
0.7673
0.7672
0.7673
0.7669
0.7669
0.7668
0.7671
0.7666
0.7667
0.7665
0.7665
0.7667
0.7663
0.7662
0.7665
0.7663
0.7668
0.7665
0.7669
0.7664
0.7663
0.7661
0.7665
0.766
0.7667
0.766
0.7664
0.766
0.7663
0.7663
0.7662
0.766
0.7659
0.7662
0.7663
0.7665
0.7662
0.7661
0.7663
0.7669
0.7668
0.7667
0.7667
0.7666
0.7663
0.7666
0.7667
0.7663
0.7665
0.7671
0.7665
0.7667
0.7665
0.7667
0.7665
0.7667
0.7662
0.7666
0.766
0.7667
0.7661
0.7664
0.7661
0.7663
0.7665
0.7665
0.7665
0.7667
0.7658
0.7667
0.7664
0.7667
0.7665
0.7668
0.7667
0.7669
0.7667
0.7668
0.7666
0.7668
0.7662
0.7666
0.7665
0.7663
0.7665
0.7666
0.7665
0.7667
0.7666
0.767
0.7669
0.7669
0.7669
0.7665
0.7666
0.7662
0.7662
0.7665
0.7661
0.7664
0.7662
0.7663
0.7664
0.7662
0.7664
0.7661
0.7661
0.7663
0.7661
0.7658
0.7663
0.766
0.766
0.7658
0.7665
0.7662
0.7662
0.7662
0.766
0.7662
0.7661
0.766
0.7664
0.7662
0.7666
0.7662
0.7665
0.7664
0.7666
0.7664
0.7664
0.7665
0.7666
0.7664
0.7667
0.7658
0.7659
0.7659
0.7658
0.7658
0.7661
0.7658
0.7655
0.7658
0.7656
0.7658
0.7658
0.7656
0.7661
0.7657
0.7655
0.7655
0.7654
0.7657
0.7655
0.7656
0.7657
0.7656
0.7657
0.7657
0.766
0.7659
0.7659
0.7656
0.7654
0.7657
0.7662
0.7658
0.7656
0.7658
0.7652
0.7657
0.7655
0.7656
0.7657
0.7658
0.7657
0.7656
0.7659
0.7656
0.7656
0.7661
0.7657
0.7657
0.7659
0.7659
0.7658
0.7654
0.7659
0.7658
0.7657
0.7657
0.7659
0.7656
0.7655
0.7655
0.766
0.7654
0.7656
0.7659
0.7658
0.766
0.7658
0.7659
0.7661
0.7661
0.7662
0.7662
0.7664
0.7663
0.7663
0.7669
0.7665
0.7665
0.7659
0.7663
0.7662
0.7664
0.7664
0.766
0.7664
0.7666
0.7668
0.767
0.7666
0.7671
0.7667
0.7669
0.7666
0.7671
0.767
0.7668
0.767
0.7672
0.7675
0.7668
0.7675
0.7674
0.7673
0.7673
0.7674
0.7672
0.7674
0.767
0.7668
0.7667
0.7671
0.767
0.7673
0.7673
0.7673
0.7674
0.7675
0.7675
0.7674
0.7675
0.7674
0.7674
0.7673
0.7673
0.7672
0.7672
0.7673
0.7671
0.7675
0.7674
0.7676
0.7673
0.7678
0.7672
0.7681
0.7676
0.7678
0.7677
0.7678
0.7677
0.768
0.7678
0.7677
0.7675
0.7674
0.7674
0.7677
0.7671
0.7676
0.7676
0.7678
0.7676
0.7676
0.7679
0.7678
0.7681
0.7675
0.768
0.768
0.768
0.7679
0.768
0.7681
0.7681
0.7682
0.7679
0.7682
0.7681
0.7678
0.7676
0.7676
0.7679
0.7679
0.7675
0.7675
0.7674
0.7675
0.7676
0.7675
0.7676
0.7678
0.7676
0.7674
0.7669
0.7672
0.767
0.7671
0.7675
0.7673
0.7675
0.7676
0.7676
0.7674
0.7672
0.7676
0.768
0.7677
0.7678
0.7677
0.7678
0.7675
0.7675
0.7674
0.7675
0.7675
0.7676
0.7676
0.7678
0.7674
0.7678
0.7679
0.7677
0.7679
0.7677
0.7673
0.7675
0.7676
0.7672
0.7671
0.7674
0.7666
0.7671
0.767
0.7672
0.7669
0.7674
0.7673
0.7674
0.7675
0.768
0.7676
0.7677
0.7673
0.7677
0.7672
0.7676
0.7675
0.7677
0.7675
0.7678
0.7672
0.7671
0.767
0.7675
0.7674
0.7672
0.7671
0.7675
0.7672
0.7674
0.7671
0.7669
0.7669
0.7676
0.7667
0.7668
0.7666
0.7669
0.7671
0.7668
0.7672
0.7667
0.7671
0.7672
0.7669
0.7672
0.7673
0.7669
0.7672
0.767
0.7672
0.7672
0.7672
0.7671
0.7672
0.7674
0.7675
0.7675
0.7673
0.7676
0.7678
0.768
0.7678
0.7675
0.7675
0.7674
0.7675
0.7675
0.7674
0.7673
0.768
0.7676
0.7675
0.7674
0.7674
0.7676
0.7674
0.7678
0.7678
0.7679
0.7678
0.7678
0.7677
0.7678
0.7677
0.7679
0.7677
0.7677
0.7677
0.7679
0.7676
0.7675
0.7675
0.7673
0.7678
0.7673
0.768
0.7675
0.7676
0.7675
0.7678
0.7674
0.7676
0.7676
0.7674
0.7677
0.7675
0.7674
0.767
0.7673
0.7669
0.7674
0.7672
0.7676
0.7674
0.7675
0.7674
0.7673
0.7679
0.767
0.7674
0.7674
0.7682
0.7675
0.7678
0.7678
0.7677
0.767
0.7676
0.7674
0.7676
0.7675
0.7676
0.7675
0.7676
0.7675
0.7672
0.7671
0.7674
0.7674
0.7671
0.7673
0.7674
0.7674
0.7673
0.7674
0.7678
0.7678
0.7677
0.7678
0.7677
0.7676
0.7677
0.7676
0.7676
0.7674
0.7675
0.7675
0.7675
0.7678
0.7674
0.7678
0.7675
0.7674
0.7671
0.7673
0.7676
0.7679
0.7675
0.7678
0.7674
0.7677
0.7676
0.7678
0.7676
0.7671
0.7674
0.7675
0.7674
0.7676
0.7672
0.7671
0.7675
0.7677
0.7675
0.7678
0.7675
0.7677
0.7673
0.7678
0.7677
0.768
0.7678
0.7681
0.7681
0.7679
0.7677
0.7682
0.7679
0.7682
0.7681
0.7683
0.7679
0.7683
0.7678
0.7677
0.7683
0.7678
0.7681
0.768
0.7683
0.7682
0.7682
0.7681
0.7679
0.7679
0.7684
0.7681
0.768
0.7679
0.7679
0.7676
0.7675
0.7671
0.7673
0.7676
0.7677
0.7678
0.768
0.7674
0.7678
0.7675
0.7677
0.7677
0.7674
0.7675
0.7676
0.7674
0.7676
0.7676
0.7673
0.7679
0.7675
0.7676
0.7676
0.7675
0.7677
0.7678
0.7675
0.7674
0.7675
0.7678
0.7675
0.7676
0.7677
0.768
0.7674
0.7682
0.768
0.768
0.7674
0.7677
0.7673
0.768
0.7671
0.7679
0.7674
0.7678
0.7677
0.7675
0.7677
0.7675
0.7674
0.7676
0.7674
0.7674
0.7675
0.7674
0.7677
0.7672
0.7674
0.7676
0.7676
0.7672
0.7674
0.7674
0.7673
0.7673
0.7674
0.7671
0.7674
0.7673
0.7677
0.7676
0.7681
0.7676
0.7673
0.7675
0.7673
0.7672
0.7672
0.7672
0.7673
0.7671
0.7669
0.7677
0.7671
0.7675
0.7672
0.7673
0.7672
0.7669
0.7673
0.7673
0.7674
0.7673
0.767
0.7677
0.7676
0.7677
0.768
0.7679
0.7682
0.7683
0.7681
0.7683
0.7681
0.7681
0.7679
0.7685
0.7682
0.7681
0.7676
0.7677
0.7677
0.7679
0.7678
0.7681
0.7678
0.7677
0.7675
0.7677
0.7683
0.7677
0.7684
0.7681
0.7688
0.7689
0.7685
0.7683
0.7688
0.7687
0.7685
0.7687
0.7685
0.7687
0.7687
0.7688
0.7683
0.7684
0.7686
0.7684
0.7681
0.768
0.7681
0.7684
0.7677
0.768
0.768
0.7678
0.7679
0.7679
0.7679
0.7678
0.7679
0.7684
0.7682
0.7682
0.7682
0.7684
0.7681
0.7684
0.768
0.7679
0.7678
0.7677
0.7678
0.7678
0.7673
0.7678
0.7679
0.7682
0.7678
0.7677
0.7676
0.7679
0.7678
0.7675
0.7676
0.7672
0.7673
0.7675
0.7676
0.7679
0.7677
0.7676
0.7674
0.7678
0.7675
0.7681
0.7675
0.7677
0.7678
0.7681
0.768
0.7677
0.7679
0.7679
0.7679
0.7684
0.7681
0.7684
0.7679
0.7684
0.7683
0.7685
0.768
0.7685
0.768
0.7682
0.7678
0.7681
0.7679
0.7679
0.7678
0.7681
0.7681
0.7682
0.7679
0.7684
0.768
0.768
0.7677
0.7679
0.7679
0.7681
0.7676
0.7679
0.7677
0.7681
0.7678
0.7679
0.7675
0.7679
0.7677
0.768
0.7675
0.7676
0.7678
0.7682
0.768
0.7681
0.7683
0.7681
0.7675
0.7678
0.7674
0.7676
0.7678
0.7676
0.7675
0.7678
0.7678
0.7681
0.7678
0.7683
0.7685
0.7685
0.7686
0.7684
0.7686
0.7683
0.7682
0.7684
0.7685
0.7681
0.7684
0.7681
0.7681
0.7682
0.7685
0.7684
0.7684
0.7683
0.7686
0.7681
0.7683
0.7683
0.7681
0.7682
0.7681
0.7684
0.7683
0.768
0.7679
0.7679
0.7682
0.7678
0.7683
0.7678
0.7681
0.7678
0.7683
0.7678
0.7684
0.7681
0.7681
0.7682
0.7685
0.7681
0.7683
0.7683
0.7688
0.7684
0.7686
0.7686
0.7688
0.7679
0.7687
0.7685
0.7683
0.7682
0.7682
0.768
0.7686
0.7681
0.7685
0.7684
0.7691
0.7686
0.7689
0.7685
0.7686
0.7687
0.7688
0.7686
0.7681
0.768
0.768
0.7684
0.7684
0.768
0.768
0.768
0.7679
0.7681
0.7677
0.7676
0.7678
0.7674
0.7678
0.7675
0.7676
0.7673
0.7676
0.7674
0.7673
0.7671
0.7671
0.7673
0.7673
0.7672
0.7672
0.767
0.7674
0.7671
0.7672
0.7674
0.7672
0.7671
0.7674
0.7674
0.7675
0.7674
0.7672
0.7672
0.768
0.7677
0.7681
0.7677
0.7674
0.7672
0.7676
0.7675
0.7676
0.7676
0.7675
0.7677
0.7674
0.7677
0.7679
0.768
0.7676
0.768
0.7674
0.7673
0.7673
0.7675
0.7674
0.7677
0.7678
0.7677
0.7678
0.7675
0.7681
0.7677
0.7678
0.7675
0.7679
0.7677
0.7676
0.7674
0.7679
0.7676
0.7677
0.7678
0.7678
0.7676
0.7678
0.7677
0.7676
0.7679
0.7674
0.7678
0.7677
0.7682
0.7676
0.7679
0.7676
0.7679
0.7679
0.7679
0.7679
0.7678
0.7679
0.7681
0.7679
0.7683
0.768
0.7682
0.7686
0.7688
0.7685
0.7683
0.7683
0.7682
0.768
0.7685
0.7682
0.7684
0.7682
0.768
0.7682
0.7684
0.7682
0.7684
0.7684
0.7682
0.768
0.7686
0.7686
0.7681
0.768
0.7687
0.7681
0.7683
0.7682
0.7685
0.7683
0.7683
0.7683
0.7683
0.7683
0.7685
0.7683
0.7679
0.768
0.7679
0.7681
0.7678
0.7681
0.7677
0.768
0.768
0.768
0.7678
0.7678
0.7678
0.7678
0.7677
0.7675
0.7678
0.7675
0.7673
0.7671
0.7678
0.7672
0.7674
0.7672
0.7678
0.7675
0.7679
0.7681
0.7679
0.7677
0.7676
0.7675
0.7679
0.768
0.7681
0.7677
0.7677
0.7676
0.7676
0.7672
0.7676
0.7669
0.7672
0.7671
0.7671
0.767
0.7673
0.767
0.7671
0.7674
0.767
0.7671
0.7669
0.767
0.7672
0.7671
0.7673
0.7668
0.7678
0.7678
0.7676
0.7676
0.768
0.7678
0.7681
0.7679
0.768
0.768
0.768
0.7678
0.7679
0.7679
0.7679
0.7682
0.7677
0.7677
0.7678
0.7681
0.7675
0.7676
0.7672
0.7678
0.7675
0.7674
0.7678
0.7678
0.7676
0.7676
0.7677
0.7679
0.7677
0.7675
0.7674
0.7671
0.7672
0.7673
0.7677
0.7672
0.7676
0.7678
0.7677
0.7677
0.7673
0.7675
0.7674
0.7673
0.7674
0.7674
0.7675
0.7674
0.7675
0.7674
0.7674
0.7679
0.7678
0.7681
0.7676
0.7678
0.7681
0.7681
0.768
0.7681
0.7682
0.7682
0.7682
0.7686
0.7686
0.7684
0.7686
0.7685
0.7685
0.7687
0.7685
0.7681
0.7682
0.7682
0.7679
0.7681
0.7677
0.7677
0.7677
0.7678
0.7679
0.7682
0.768
0.7682
0.768
0.768
0.7677
0.768
0.7679
0.7682
0.7679
0.7683
0.7679
0.7685
0.7685
0.7684
0.7688
0.7681
0.7691
0.7687
0.7688
0.7689
0.7688
0.7691
0.7687
0.7689
0.7688
0.7687
0.7686
0.7684
0.7681
0.7681
0.7683
0.7684
0.7684
0.7687
0.7685
0.7682
0.7684
0.7685
0.7681
0.7683
0.7682
0.7687
0.7686
0.7687
0.7686
0.7687
0.7684
0.7684
0.7687
0.7686
0.7685
0.7684
0.7682
0.7683
0.7685
0.7682
0.768
0.768
0.7682
0.7683
0.7685
0.7682
0.7683
0.7683
0.7683
0.7685
0.7689
0.7684
0.7687
0.7685
0.7684
0.7688
0.769
0.7691
0.7689
0.7688
0.7688
0.7688
0.769
0.7689
0.7684
0.7686
0.7686
0.7685
0.7686
0.7685
0.7683
0.7688
0.7681
0.7685
0.7682
0.7682
0.7684
0.7683
0.7682
0.7683
0.7681
0.7682
0.7681
0.7683
0.7682
0.7684
0.768
0.7682
0.7685
0.768
0.7682
0.7684
0.7686
0.7688
0.7687
0.7688
0.7689
0.7688
0.769
0.7689
0.7689
0.7693
0.7692
0.7691
0.7693
0.7688
0.7693
0.7689
0.7695
0.7694
0.7693
0.769
0.7693
0.7688
0.7692
0.7689
0.7688
0.7692
0.7692
0.7691
0.7692
0.7692
0.7689
0.769
0.7691
0.7692
0.769
0.7686
0.7685
0.7688
0.7689
0.7689
0.769
0.7687
0.7688
0.7688
0.7689
0.7687
0.7692
0.7689
0.7691
0.7689
0.7692
0.7686
0.7687
0.7687
0.769
0.7687
0.769
0.7688
0.7689
0.7685
0.7689
0.7687
0.7686
0.7684
0.7686
0.7684
0.7687
0.7685
0.7689
0.7683
0.7687
0.7685
0.7687
0.7683
0.7685
0.7685
0.7685
0.7683
0.7686
0.7684
0.7688
0.7687
0.7683
0.7686
0.7684
0.7685
0.7685
0.7685
0.7684
0.7684
0.7683
0.7685
0.7682
0.7681
0.7679
0.7684
0.7681
0.7681
0.768
0.7681
0.7678
0.768
0.7681
0.7682
0.7685
0.7683
0.7683
0.7686
0.7681
0.7682
0.7683
0.7684
0.7684
0.7681
0.7682
0.7681
0.7681
0.7681
0.7681
0.7682
0.7683
0.7681
0.7682
0.7683
0.7681
0.7685
0.7681
0.7684
0.7684
0.7686
0.7688
0.7686
0.7685
0.7686
0.7688
0.7689
0.7689
0.769
0.7687
0.769
0.769
0.7691
0.769
0.7687
0.7689
0.7685
0.7689
0.7687
0.7686
0.7688
0.7688
0.7686
0.7684
0.7687
0.7682
0.7682
0.7685
0.7682
0.7685
0.7683
0.7683
0.7683
0.7683
0.7681
0.7683
0.7683
0.7688
0.7681
0.7681
0.7679
0.768
0.7682
0.7683
0.7682
0.7683
0.7681
0.768
0.7682
0.7684
0.7687
0.7686
0.7688
0.7685
0.7685
0.7682
0.7683
0.7682
0.7685
0.7686
0.7687
0.7691
0.7688
0.7689
0.7687
0.7688
0.7687
0.7688
0.7687
0.7686
0.7687
0.7685
0.7691
0.7689
0.769
0.7686
0.7687
0.7687
0.7689
0.769
0.769
0.7691
0.7692
0.7693
0.7692
0.7689
0.7691
0.7689
0.7692
0.769
0.769
0.7693
0.7692
0.7692
0.7692
0.7688
0.7689
0.7686
0.7684
0.7685
0.7684
0.7685
0.7682
0.7686
0.7687
0.768
0.7687
0.7685
0.7685
0.7682
0.7686
0.7684
0.7683
0.7685
0.7685
0.7681
0.7683
0.7681
0.7685
0.7685
0.7682
0.7682
0.7681
0.7681
0.7684
0.7684
0.7683
0.7688
0.7685
0.7682
0.7683
0.7686
0.7681
0.7682
0.7684
0.7682
0.7684
0.7683
0.7686
0.7679
0.7684
0.7678
0.7683
0.7679
0.7682
0.7681
0.7682
0.7683
0.7682
0.7682
0.7685
0.7683
0.7686
0.7684
0.7685
0.7682
0.7687
0.7684
0.7688
0.7682
0.7681
0.7681
0.7679
0.7683
0.7679
0.7684
0.7678
0.7685
0.7685
0.7683
0.7684
0.7683
0.7683
0.7685
0.7686
0.7681
0.7683
0.7681
0.7684
0.7682
0.7685
0.7685
0.7684
0.768
0.7681
0.7681
0.7684
0.7681
0.7684
0.768
0.7681
0.7678
0.7683
0.7684
0.7685
0.7683
0.7685
0.7683
0.7684
0.7685
0.7686
0.7687
0.7686
0.769
0.7686
0.769
0.7683
0.7685
0.7685
0.7685
0.7684
0.7683
0.7682
0.768
0.7685
0.7684
0.7685
0.7683
0.7684
0.7683
0.7681
0.7681
0.7683
0.7681
0.7679
0.7682
0.7685
0.768
0.7684
0.7677
0.7683
0.7681
0.7679
0.7679
0.7681
0.7683
0.7681
0.7683
0.7684
0.7683
0.7682
0.768
0.768
0.7679
0.7684
0.7679
0.768
0.7679
0.768
0.7681
0.7677
0.7684
0.7682
0.7686
0.7679
0.7685
0.7683
0.7682
0.768
0.7683
0.7682
0.7682
0.768
0.768
0.768
0.768
0.7681
0.7681
0.7682
0.7683
0.7683
0.7682
0.7688
0.7685
0.7684
0.7685
0.7681
0.7684
0.7678
0.7678
0.7678
0.7674
0.7681
0.7679
0.768
0.7683
0.7681
0.7683
0.7683
0.7684
0.7681
0.7682
0.7684
0.7685
0.7684
0.7684
0.7687
0.7681
0.7685
0.7681
0.7685
0.7683
0.7683
0.7683
0.7681
0.768
0.7679
0.768
0.768
0.768
0.7677
0.768
0.7682
0.7682
0.7681
0.7681
0.768
0.7682
0.7682
0.7682
0.7681
0.7681
0.7681
0.7684
0.768
0.7679
0.7678
0.7678
0.7674
0.7677
0.7682
0.7682
0.7683
0.7684
0.7684
0.7683
0.7683
0.7681
0.7687
0.7683
0.7683
0.7679
0.7684
0.7678
0.7684
0.768
0.7684
0.7684
0.7685
0.7684
0.7684
0.7679
0.7684
0.7685
0.7688
0.7682
0.7686
0.7683
0.7684
0.7686
0.7683
0.7686
0.7684
0.7687
0.7687
0.7679
0.7681
0.7682
0.768
0.768
0.7677
0.7678
0.7677
0.7679
0.7678
0.7679
0.7681
0.7679
0.7677
0.768
0.7678
0.7672
0.7675
0.7677
0.7677
0.7678
0.7675
0.7674
0.7678
0.7674
0.7675
0.7672
0.7675
0.7676
0.7673
0.7673
0.7673
0.7674
0.7673
0.7676
0.7673
0.7672
0.7675
0.7675
0.7676
0.7674
0.7673
0.7675
0.7673
0.7675
0.7674
0.7672
0.7674
0.7674
0.7672
0.7672
0.7669
0.767
0.7673
0.7673
0.7671
0.7672
0.7671
0.7674
0.7673
0.7674
0.767
0.7673
0.7672
0.767
0.7674
0.7671
0.7668
0.767
0.7674
0.7673
0.7674
0.7669
0.7674
0.7673
0.7676
0.7676
0.7677
0.7677
0.7677
0.7677
0.768
0.7677
0.7677
0.7676
0.7675
0.7674
0.7675
0.7676
0.7674
0.7673
0.7674
0.7675
0.7679
0.7678
0.7678
0.7677
0.7678
0.7674
0.7682
0.7678
0.7678
0.7679
0.7681
0.7678
0.768
0.7682
0.7683
0.7685
0.7687
0.7682
0.7686
0.768
0.7683
0.7682
0.7682
0.7681
0.7683
0.7683
0.7687
0.7684
0.7687
0.7679
0.7679
0.768
0.7679
0.7682
0.7682
0.768
0.7683
0.7684
0.7683
0.7683
0.768
0.7684
0.7685
0.7681
0.7681
0.7681
0.7681
0.7681
0.7678
0.7679
0.7681
0.768
0.768
0.768
0.7683
0.7682
0.7683
0.7684
0.7685
0.7682
0.7684
0.7685
0.7686
0.7684
0.769
0.7686
0.7687
0.7687
0.7686
0.7685
0.7685
0.7684
0.7684
0.7685
0.7686
0.7687
0.7688
0.7685
0.7686
0.7685
0.7686
0.7686
0.7686
0.7684
0.7685
0.769
0.7687
0.7688
0.7687
0.7688
0.7687
0.7689
0.7686
0.7686
0.7682
0.7686
0.7683
0.7688
0.7683
0.7686
0.7687
0.7686
0.7683
0.7686
0.7688
0.7686
0.7688
0.7686
0.7689
0.7686
0.7686
0.7687
0.7686
0.7689
0.7689
0.769
0.7687
0.7688
0.7686
0.7683
0.7688
0.7682
0.7686
0.7686
0.769
0.7683
0.7684
0.7685
0.7684
0.7685
0.7687
0.7688
0.7687
0.7685
0.7685
0.7685
0.7683
0.7686
0.7685
0.7684
0.7684
0.7687
0.7683
0.7686
0.7685
0.7688
0.7687
0.7685
0.7684
0.7685
0.7687
0.7689
0.7682
0.7686
0.7682
0.7685
0.7681
0.7684
0.7683
0.7683
0.7684
0.7681
0.7683
0.7683
0.7685
0.7685
0.7688
0.7687
0.7687
0.7687
0.7687
0.7685
0.7688
0.7685
0.7684
0.7687
0.7687
0.7686
0.769
0.7687
0.7689
0.7689
0.7689
0.769
0.7688
0.7689
0.7692
0.7686
0.7686
0.7688
0.7686
0.7688
0.7687
0.7687
0.7687
0.7687
0.7689
0.7687
0.7687
0.7687
0.7686
0.7687
0.7686
0.7684
0.7686
0.7686
0.7687
0.7685
0.7687
0.7688
0.7689
0.7684
0.7689
0.7685
0.7689
0.7684
0.7687
0.7687
0.769
0.7688
0.7688
0.7686
0.7685
0.7685
0.7684
0.7685
0.7684
0.7686
0.7682
0.7683
0.7682
0.7683
0.7683
0.7684
0.7683
0.7679
0.7676
0.7674
0.7678
0.7678
0.768
0.7675
0.7679
0.7677
0.7682
0.7681
0.7686
0.7682
0.768
0.7679
0.7684
0.768
0.7683
0.768
0.7683
0.7683
0.7688
0.7684
0.7689
0.7688
0.7688
0.7685
0.7685
0.7684
0.7683
0.7685
0.7686
0.7683
0.7689
0.7688
0.7687
0.7687
0.7687
0.7685
0.7688
0.7686
0.7685
0.7686
0.7687
0.7686
0.7684
0.7685
0.7684
0.7683
0.7685
0.7684
0.7683
0.7682
0.7686
0.7687
0.7687
0.7687
0.7688
0.769
0.769
0.7691
0.7691
0.7689
0.7689
0.7689
0.7689
0.7688
0.769
0.7691
0.769
0.7694
0.7689
0.769
0.7689
0.769
0.7689
0.7692
0.7691
0.769
0.769
0.7691
0.7688
0.7689
0.7688
0.7691
0.769
0.7688
0.7692
0.7691
0.7688
0.769
0.7688
0.7691
0.7686
0.7688
0.7686
0.7687
0.7689
0.769
0.7692
0.7691
0.7691
0.7691
0.7693
0.7691
0.7691
0.7691
0.769
0.7693
0.7688
0.769
0.769
0.7691
0.7687
0.7689
0.7686
0.769
0.769
0.7685
0.7689
0.769
0.769
0.7689
0.7687
0.769
0.7685
0.7685
0.7687
0.7687
0.7685
0.769
0.7687
0.7688
0.7688
0.7689
0.7686
0.7688
0.7687
0.7683
0.7685
0.7685
0.7686
0.7686
0.7684
0.7686
0.7687
0.7685
0.7684
0.7684
0.7683
0.7682
0.7684
0.7681
0.7683
0.7686
0.7686
0.7686
0.7688
0.7687
0.7688
0.7687
0.7684
0.7686
0.769
0.7688
0.769
0.7692
0.769
0.7689
0.769
0.7692
0.7691
0.7689
0.7689
0.7689
0.7691
0.7688
0.7695
0.7693
0.7692
0.7692
0.7694
0.769
0.7696
0.7691
0.7696
0.7692
0.7694
0.7692
0.7695
0.769
0.7692
0.7688
0.769
0.7686
0.769
0.7686
0.7692
0.7688
0.7691
0.7689
0.7692
0.7692
0.7692
0.7693
0.7693
0.7691
0.7693
0.7691
0.7692
0.7691
0.7689
0.7693
0.7693
0.7692
0.7693
0.7694
0.7692
0.7695
0.7691
0.7692
0.7693
0.7692
0.7689
0.769
0.7692
0.769
0.7692
0.7689
0.7692
0.7685
0.7692
0.7691
0.7688
0.7689
0.7688
0.7688
0.7687
0.7688
0.7687
0.7683
0.7685
0.7683
0.7687
0.7686
0.7686
0.7686
0.7685
0.7687
0.7688
0.7689
0.7688
0.7684
0.7687
0.7687
0.769
0.7688
0.7689
0.7684
0.7688
0.7685
0.7686
0.7684
0.7686
0.7685
0.7686
0.7683
0.7686
0.7684
0.7684
0.7686
0.7687
0.7683
0.7688
0.7686
0.7686
0.7685
0.7687
0.7687
0.7685
0.7687
0.7688
0.7685
0.7688
0.7684
0.7684
0.7684
0.7686
0.7687
0.7687
0.7687
0.7687
0.7687
0.7685
0.7684
0.7686
0.7683
0.7685
0.7687
0.7686
0.7689
0.7686
0.7689
0.7685
0.7689
0.7685
0.7687
0.7689
0.769
0.7685
0.7688
0.7687
0.769
0.7686
0.769
0.7687
0.7688
0.7687
0.7686
0.7686
0.7689
0.7685
0.7687
0.7682
0.7684
0.7682
0.7686
0.7685
0.7685
0.7685
0.7684
0.7685
0.7685
0.7685
0.7683
0.7683
0.7684
0.7684
0.7685
0.7684
0.7684
0.7687
0.7687
0.7684
0.7687
0.7687
0.7685
0.7687
0.7687
0.7688
0.7687
0.7688
0.7688
0.7688
0.7689
0.7687
0.7687
0.7688
0.7686
0.7689
0.7688
0.7689
0.7689
0.7687
0.7692
0.7688
0.7691
0.7688
0.7688
0.7686
0.7687
0.7685
0.7684
0.7682
0.7683
0.768
0.7682
0.7681
0.7682
0.768
0.7681
0.7679
0.7682
0.768
0.7685
0.7681
0.768
0.7681
0.7684
0.7683
0.7683
0.7684
0.7682
0.7682
0.7681
0.7682
0.7679
0.768
0.7679
0.768
0.7678
0.7681
0.7682
0.7682
0.7683
0.7683
0.7686
0.7685
0.7683
0.7683
0.7685
0.7683
0.7687
0.768
0.7686
0.768
0.7689
0.7685
0.7686
0.7686
0.7685
0.7684
0.7687
0.7685
0.7687
0.7687
0.7686
0.7692
0.7685
0.7687
0.7687
0.7688
0.7687
0.7691
0.7687
0.7687
0.7688
0.7687
0.7683
0.7685
0.7689
0.7685
0.7684
0.7685
0.7685
0.7687
0.7686
0.7686
0.7683
0.7682
0.7682
0.7684
0.7681
0.7684
0.7683
0.7683
0.7684
0.7684
0.7684
0.7683
0.7684
0.7685
0.7685
0.7682
0.7684
0.7687
0.7685
0.7687
0.7689
0.7686
0.7687
0.7687
0.7688
0.7685
0.7685
0.7685
0.7685
0.7686
0.7686
0.7684
0.7686
0.7685
0.7688
0.7689
0.7687
0.7691
0.769
0.7689
0.769
0.769
0.769
0.7692
0.7691
0.7691
0.7689
0.7694
0.7692
0.7692
0.7688
0.7689
0.7692
0.7688
0.7689
0.7688
0.7691
0.7691
0.7691
0.7686
0.7689
0.7692
0.769
0.7689
0.7685
0.769
0.7689
0.7689
0.7689
0.7689
0.7687
0.769
0.7689
0.7686
0.7691
0.7687
0.7687
0.769
0.769
0.7691
0.769
0.7691
0.7693
0.7692
0.7693
0.7696
0.7689
0.7689
0.7687
0.7686
0.7687
0.7687
0.7691
0.769
0.7688
0.7685
0.7685
0.7685
0.7685
0.7685
0.7685
0.7686
0.7684
0.7685
0.7688
0.7688
0.7686
0.7687
0.7687
0.7689
0.7686
0.769
0.7684
0.7689
0.7686
0.7685
0.769
0.7688
0.7689
0.769
0.7687
0.7688
0.7689
0.7686
0.7689
0.7686
0.7688
0.7688
0.769
0.7691
0.7694
0.769
0.7692
0.7689
0.7687
0.7689
0.7689
0.7689
0.7689
0.769
0.769
0.7689
0.7689
0.7689
0.769
0.7691
0.7688
0.7688
0.7686
0.7686
0.7687
0.7687
0.7688
0.7686
0.7688
0.7687
0.7685
0.7687
0.769
0.7687
0.7688
0.7689
0.7685
0.7686
0.7683
0.7686
0.7682
0.7687
0.7682
0.7684
0.7683
0.7685
0.7685
0.769
0.7686
0.7688
0.7684
0.7689
0.7689
0.7689
0.7688
0.7689
0.769
0.7691
0.769
0.7695
0.7692
0.7693
0.7694
0.7697
0.7691
0.7695
0.7695
0.7693
0.7693
0.7695
0.7693
0.7694
0.7692
0.7694
0.7695
0.7692
0.7694
0.7693
0.7694
0.7693
0.7692
0.7691
0.7692
0.7692
0.7689
0.7689
0.769
0.7692
0.7692
0.7692
0.7694
0.7693
0.7692
0.7691
0.7692
0.7692
0.7694
0.7695
0.7696
0.7695
0.7694
0.7694
0.7694
0.7692
0.7693
0.7694
0.7693
0.7692
0.7691
0.7691
0.7693
0.7692
0.769
0.7695
0.7691
0.7691
0.7689
0.7689
0.7689
0.7688
0.7687
0.769
0.7691
0.7692
0.7691
0.7689
0.7694
0.7699
0.7694
0.7699
0.7697
0.7695
0.7695
0.7695
0.7695
0.7695
0.7696
0.7695
0.7692
0.7696
0.7694
0.7696
0.7693
0.7697
0.7694
0.7695
0.7695
0.7694
0.7691
0.7695
0.7689
0.7693
0.7689
0.7692
0.7691
0.7694
0.7692
0.7693
0.7689
0.7691
0.7691
0.769
0.7689
0.7692
0.7688
0.769
0.769
0.769
0.7688
0.7691
0.7689
0.769
0.7689
0.7691
0.7688
0.7693
0.769
0.7693
0.7689
0.7695
0.7689
0.7693
0.7691
0.7696
0.7693
0.7696
0.7691
0.7694
0.7687
0.7694
0.7689
0.7692
0.7693
0.7688
0.7693
0.7692
0.7694
0.7692
0.7694
0.7693
0.7695
0.7691
0.7693
0.7688
0.7693
0.7693
0.7689
0.7692
0.7687
0.7691
0.7691
0.769
0.7688
0.7689
0.769
0.7689
0.7689
0.7689
0.7691
0.769
0.7687
0.7687
0.7686
0.7684
0.7686
0.7683
0.7687
0.7685
0.7687
0.7691
0.769
0.7688
0.7689
0.7689
0.7687
0.7687
0.7688
0.7687
0.7693
0.7685
0.7689
0.7687
0.7692
0.7686
0.769
0.7688
0.7688
0.7688
0.7692
0.7691
0.7688
0.769
0.7692
0.7691
0.7691
0.7691
0.7688
0.7689
0.7687
0.769
0.7689
0.7688
0.7693
0.7691
0.769
0.7686
0.769
0.7686
0.7688
0.7685
0.7691
0.7689
0.7692
0.769
0.7693
0.7693
0.769
0.7691
0.7692
0.7694
0.7692
0.7691
0.7691
0.7692
0.7691
0.7694
0.7692
0.7691
0.7691
0.769
0.7692
0.7691
0.769
0.7695
0.7694
0.7691
0.7691
0.7692
0.7691
0.7699
0.7695
0.7695
0.769
0.7694
0.7692
0.7694
0.7689
0.7697
0.7695
0.7695
0.7695
0.7697
0.7697
0.7698
0.7693
0.7694
0.7697
0.7697
0.7695
0.7698
0.7695
0.7695
0.7694
0.7697
0.7696
0.7695
0.7699
0.7695
0.7696
0.7695
0.7696
0.7694
0.7696
0.7697
0.7696
0.7698
0.7698
0.7699
0.7697
0.7696
0.7696
0.7694
0.7693
0.7696
0.7696
0.7697
0.7698
0.7694
0.77
0.77
0.77
0.7697
0.7697
0.7694
0.7696
0.7697
0.7698
0.7697
0.7697
0.7696
0.7699
0.7693
0.7698
0.7693
0.7698
0.7693
0.7696
0.7696
0.7698
0.7694
0.7696
0.7693
0.7698
0.7698
0.7698
0.7699
0.7696
0.7696
0.7697
0.7698
0.7702
0.7697
0.7702
0.7697
0.7697
0.7696
0.7698
0.7698
0.7699
0.77
0.7701
0.77
0.7701
0.7698
0.7701
0.7702
0.7698
0.7701
0.7701
0.77
0.7696
0.77
0.7695
0.77
0.7698
0.77
0.77
0.77
0.7701
0.77
0.7701
0.7699
0.7701
0.7701
0.7701
0.77
0.77
0.7696
0.7695
0.7697
0.7701
0.7703
0.7701
0.7698
0.77
0.7703
0.7701
0.7704
0.7697
0.7703
0.77
0.77
0.7701
0.7701
0.7704
0.7701
0.7702
0.77
0.7697
0.7696
0.7696
0.7697
0.7695
0.7698
0.7699
0.7703
0.7702
0.7701
0.7701
0.77
0.7699
0.7698
0.7703
0.7696
0.7702
0.7696
0.7698
0.7693
0.7697
0.7693
0.7697
0.7693
0.7698
0.769
0.7696
0.7695
0.7699
0.7693
0.7694
0.769
0.7695
0.769
0.7693
0.7692
0.7689
0.7692
0.7694
0.7694
0.7694
0.7692
0.7698
0.7692
0.7693
0.7692
0.7692
0.7696
0.7691
0.7694
0.769
0.7688
0.7688
0.7692
0.769
0.7694
0.7692
0.7694
0.769
0.7694
0.7692
0.7692
0.7691
0.7692
0.769
0.7693
0.7687
0.7689
0.7688
0.7688
0.7691
0.7691
0.7689
0.7692
0.7688
0.7693
0.7689
0.7693
0.7687
0.7689
0.7689
0.7689
0.769
0.769
0.7689
0.7692
0.7689
0.7696
0.7691
0.7692
0.7694
0.7692
0.7692
0.7692
0.7693
0.7694
0.7692
0.7695
0.7693
0.7693
0.7693
0.7691
0.7692
0.7693
0.7693
0.7691
0.7693
0.7694
0.7695
0.7695
0.7696
0.7698
0.7699
0.7697
0.7697
0.7698
0.7696
0.7696
0.7696
0.7696
0.7697
0.7698
0.7698
0.7698
0.7698
0.7699
0.7698
0.7697
0.7698
0.7698
0.7697
0.7699
0.7698
0.7697
0.7696
0.7693
0.7698
0.7694
0.7694
0.7697
0.7696
0.7696
0.7696
0.7695
0.7691
0.7694
0.769
0.7691
0.7691
0.7693
0.7693
0.7694
0.7693
0.7691
0.7692
0.7694
0.7694
0.7692
0.7694
0.7694
0.7691
0.7693
0.7695
0.7691
0.7692
0.7691
0.7693
0.7691
0.7693
0.7693
0.7691
0.7694
0.7688
0.7692
0.7687
0.7691
0.7692
0.769
0.7691
0.7691
0.7688
0.769
0.769
0.7693
0.7694
0.7693
0.7694
0.7692
0.7694
0.7693
0.7694
0.7693
0.7692
0.7689
0.7691
0.7688
0.7692
0.7693
0.7695
0.7692
0.7693
0.7695
0.7693
0.7692
0.7693
0.7692
0.769
0.7688
0.7689
0.7686
0.7687
0.7686
0.7687
0.7689
0.7692
0.7688
0.7689
0.7692
0.7687
0.769
0.7688
0.7689
0.7688
0.7687
0.7691
0.7689
0.7686
0.7688
0.769
0.7689
0.769
0.7688
0.7688
0.7691
0.769
0.7687
0.7693
0.769
0.7694
0.7694
0.7694
0.7692
0.7694
0.7693
0.7694
0.7691
0.7693
0.7689
0.769
0.769
0.7692
0.7692
0.7693
0.7695
0.7694
0.7694
0.7692
0.7691
0.7692
0.769
0.769
0.7688
0.7692
0.7688
0.769
0.7688
0.769
0.7689
0.7688
0.769
0.7688
0.7689
0.769
0.7686
0.7686
0.7685
0.7689
0.7687
0.7691
0.7693
0.7692
0.7693
0.7693
0.7694
0.7695
0.7693
0.7693
0.7694
0.7694
0.7694
0.7694
0.7692
0.7692
0.7693
0.7692
0.7693
0.7693
0.7694
0.7693
0.7693
0.7693
0.7693
0.7693
0.7693
0.7692
0.7691
0.7691
0.7689
0.769
0.7688
0.7686
0.7688
0.7687
0.7682
0.7691
0.7688
0.7688
0.7686
0.7687
0.7689
0.7689
0.7692
0.7687
0.7687
0.7687
0.7687
0.7688
0.7686
0.769
0.7686
0.7694
0.7687
0.7692
0.7689
0.769
0.7685
0.769
0.7689
0.769
0.7687
0.7691
0.7689
0.7688
0.7687
0.7689
0.769
0.7688
0.7688
0.7691
0.7692
0.7692
0.7692
0.7692
0.769
0.7693
0.7691
0.7689
0.7689
0.7688
0.7688
0.7689
0.7685
0.7688
0.7687
0.7687
0.7685
0.7688
0.7687
0.7684
0.7689
0.7689
0.7687
0.7687
0.7685
0.7684
0.7685
0.7684
0.7684
0.7686
0.7682
0.7687
0.7682
0.7686
0.7683
0.7686
0.7685
0.7686
0.7684
0.7687
0.7685
0.7685
0.7684
0.7683
0.7685
0.7685
0.7684
0.7684
0.7685
0.7687
0.7682
0.7683
0.7685
0.7683
0.7682
0.7681
0.7681
0.7682
0.7684
0.7683
0.7681
0.7682
0.7682
0.7682
0.7681
0.768
0.7677
0.768
0.7678
0.7682
0.7684
0.7682
0.7687
0.7682
0.7684
0.7683
0.7683
0.7683
0.7683
0.7684
0.7682
0.7685
0.7685
0.7683
0.7683
0.7682
0.7683
0.7684
0.7683
0.7684
0.7685
0.7685
0.7685
0.7684
0.7687
0.7688
0.7684
0.7686
0.7687
0.7686
0.7684
0.7683
0.7683
0.7683
0.7686
0.7684
0.7688
0.7685
0.7688
0.7684
0.7685
0.7684
0.7684
0.7684
0.7682
0.768
0.7682
0.7686
0.7683
0.768
0.7682
0.7684
0.7679
0.768
0.7678
0.7679
0.7679
0.768
0.7679
0.768
0.7682
0.7682
0.7679
0.7681
0.7684
0.7682
0.7685
0.7682
0.7686
0.7682
0.7688
0.7682
0.7687
0.7684
0.7687
0.7688
0.7687
0.7686
0.7686
0.7687
0.7687
0.7687
0.7684
0.7689
0.7691
0.7691
0.7695
0.7687
0.7695
0.7687
0.7691
0.7688
0.7692
0.7693
0.7688
0.7691
0.769
0.7691
0.769
0.7689
0.7688
0.7689
0.7687
0.7684
0.7687
0.7686
0.7684
0.7685
0.7683
0.7686
0.7686
0.7686
0.7684
0.7684
0.7681
0.7686
0.7681
0.7682
0.7683
0.7684
0.7683
0.7684
0.7679
0.7683
0.7682
0.7684
0.7682
0.7682
0.7682
0.7684
0.7682
0.7681
0.7684
0.7682
0.7684
0.7681
0.7684
0.7682
0.7682
0.7681
0.7681
0.7681
0.768
0.768
0.7683
0.7685
0.7685
0.7681
0.7687
0.7683
0.7687
0.7688
0.7689
0.7686
0.7685
0.7684
0.7687
0.7685
0.7689
0.7689
0.7692
0.7688
0.769
0.7693
0.7692
0.7691
0.7693
0.769
0.7691
0.7689
0.7689
0.7689
0.7691
0.7687
0.7691
0.7688
0.769
0.7689
0.7691
0.769
0.7687
0.7687
0.7686
0.7687
0.7686
0.7689
0.7688
0.7689
0.7686
0.7688
0.7687
0.7689
0.7693
0.7689
0.7692
0.7692
0.7695
0.7693
0.7689
0.7693
0.7688
0.7696
0.769
0.7692
0.7687
0.7691
0.7694
0.7695
0.7697
0.7697
0.7694
0.7695
0.7695
0.7694
0.7694
0.7695
0.7694
0.7692
0.7691
0.7691
0.7692
0.7693
0.7693
0.7698
0.7693
0.7688
0.769
0.7693
0.769
0.7694
0.7694
0.7693
0.7692
0.7688
0.7691
0.7692
0.7689
0.7693
0.7688
0.7689
0.7687
0.7691
0.7688
0.7689
0.7685
0.7688
0.7684
0.7686
0.7686
0.7688
0.7686
0.7688
0.7684
0.769
0.7685
0.7686
0.7686
0.7689
0.7689
0.7688
0.7686
0.7687
0.7688
0.769
0.769
0.769
0.769
0.7686
0.7687
0.7689
0.7688
0.7686
0.7689
0.7687
0.7688
0.7688
0.7687
0.7688
0.7685
0.7684
0.7686
0.7685
0.7684
0.7685
0.7682
0.7681
0.7681
0.7683
0.768
0.7685
0.7683
0.7684
0.7682
0.7681
0.7683
0.7684
0.7682
0.7686
0.7683
0.7683
0.7682
0.7683
0.7681
0.7681
0.768
0.7682
0.7681
0.7681
0.7678
0.7688
0.7683
0.7689
0.7685
0.7689
0.7685
0.769
0.7689
0.769
0.7687
0.7686
0.7688
0.7687
0.7686
0.7686
0.7689
0.7687
0.7686
0.7685
0.7681
0.7687
0.7684
0.7687
0.7683
0.7688
0.7678
0.7688
0.7685
0.7683
0.7684
0.768
0.7683
0.7681
0.7684
0.7685
0.7683
0.7685
0.7685
0.7685
0.7684
0.7684
0.7684
0.768
0.7678
0.7682
0.768
0.7679
0.7677
0.7679
0.7679
0.7678
0.7677
0.768
0.7678
0.768
0.768
0.7679
0.7676
0.7677
0.7678
0.7679
0.7677
0.7682
0.768
0.7681
0.7679
0.7685
0.7682
0.7683
0.7681
0.7683
0.7679
0.7683
0.7682
0.7681
0.7679
0.7681
0.7683
0.7685
0.7681
0.7682
0.7681
0.7682
0.7683
0.7683
0.7682
0.7682
0.7681
0.768
0.768
0.7681
0.768
0.768
0.7677
0.7676
0.768
0.7676
0.7677
0.7676
0.7674
0.7677
0.7678
0.7674
0.7678
0.7677
0.7678
0.7678
0.7676
0.7676
0.7679
0.7678
0.7676
0.7679
0.7677
0.7679
0.7678
0.7681
0.7681
0.7682
0.7679
0.7679
0.7678
0.768
0.768
0.7679
0.7678
0.7677
0.7678
0.7674
0.7673
0.7676
0.7675
0.7675
0.7676
0.7677
0.7677
0.7675
0.7676
0.7675
0.7677
0.7675
0.7676
0.7677
0.7678
0.7675
0.7675
0.7678
0.7677
0.7677
0.7678
0.7678
0.7679
0.7679
0.7677
0.7676
0.7675
0.7677
0.7675
0.7677
0.7678
0.7677
0.7678
0.7679
0.7679
0.7678
0.768
0.7679
0.7678
0.7679
0.7676
0.7678
0.7675
0.7674
0.7674
0.7678
0.7677
0.7677
0.7681
0.7677
0.7678
0.7677
0.7677
0.7678
0.7676
0.768
0.7677
0.768
0.768
0.7678
0.7679
0.7677
0.7679
0.768
0.7681
0.7681
0.7679
0.7682
0.7678
0.7678
0.7678
0.7682
0.7681
0.7681
0.7682
0.7682
0.7682
0.7683
0.7682
0.7682
0.7683
0.7681
0.768
0.7682
0.7679
0.7681
0.7681
0.7681
0.7682
0.7681
0.7684
0.7687
0.7683
0.7683
0.7684
0.7686
0.7687
0.7685
0.7688
0.7682
0.7687
0.7686
0.7686
0.7686
0.7683
0.7682
0.768
0.7683
0.7683
0.7686
0.7683
0.7684
0.7681
0.7678
0.7682
0.7681
0.7681
0.7683
0.7681
0.7682
0.7681
0.7683
0.7682
0.7681
0.7683
0.7684
0.7683
0.7683
0.7684
0.7683
0.7682
0.7683
0.7682
0.7683
0.7681
0.7679
0.768
0.768
0.7681
0.7679
0.7679
0.7679
0.7678
0.7681
0.768
0.7676
0.7679
0.7676
0.7682
0.768
0.7679
0.7678
0.7678
0.7678
0.7676
0.7681
0.7678
0.7677
0.7674
0.7677
0.7675
0.7677
0.7673
0.7678
0.7675
0.7679
0.7679
0.7678
0.7679
0.7679
0.7679
0.7678
0.7677
0.768
0.7681
0.7678
0.7677
0.7679
0.7676
0.7677
0.7678
0.7674
0.7674
0.7677
0.7676
0.7677
0.7677
0.7675
0.7677
0.7675
0.7681
0.7676
0.7681
0.7677
0.768
0.7678
0.7679
0.768
0.768
0.768
0.7675
0.7678
0.7672
0.7679
0.7678
0.768
0.7678
0.7681
0.7681
0.7678
0.7681
0.768
0.7682
0.7677
0.7681
0.7682
0.7684
0.7681
0.7681
0.7684
0.7682
0.7684
0.7683
0.7683
0.768
0.7684
0.7682
0.7684
0.7679
0.7685
0.7675
0.7687
0.7679
0.7683
0.7681
0.7683
0.7681
0.7683
0.768
0.7682
0.7684
0.7687
0.7684
0.7689
0.7687
0.7686
0.7685
0.7687
0.7686
0.7689
0.7684
0.7688
0.7683
0.7687
0.7685
0.7685
0.7682
0.7682
0.7685
0.7684
0.7681
0.7681
0.768
0.768
0.7678
0.7678
0.7679
0.7677
0.7677
0.768
0.7679
0.768
0.7682
0.7679
0.7681
0.7678
0.768
0.7681
0.7682
0.7681
0.7682
0.7682
0.7682
0.7684
0.7683
0.7685
0.7684
0.7683
0.7684
0.7682
0.7689
0.7682
0.7683
0.7683
0.7685
0.7685
0.7685
0.7689
0.7688
0.7686
0.7685
0.7685
0.7683
0.7683
0.7684
0.7684
0.7685
0.7683
0.7681
0.7683
0.7682
0.7683
0.7681
0.7681
0.768
0.7681
0.7679
0.7681
0.7679
0.7679
0.768
0.7677
0.768
0.768
0.7682
0.7683
0.7684
0.7686
0.7685
0.7686
0.7688
0.7686
0.7685
0.7688
0.7684
0.7688
0.768
0.7686
0.7683
0.7686
0.7684
0.7684
0.7684
0.7684
0.7682
0.7682
0.7682
0.7681
0.7681
0.7681
0.7684
0.7683
0.7684
0.7685
0.7683
0.7681
0.7683
0.7681
0.7683
0.7685
0.7684
0.7682
0.7679
0.7683
0.7684
0.7684
0.7682
0.7683
0.7681
0.7682
0.7681
0.7685
0.7686
0.7686
0.7686
0.7684
0.7684
0.7683
0.7684
0.7684
0.7683
0.7685
0.7685
0.7684
0.7684
0.7683
0.7685
0.7684
0.7684
0.7683
0.7684
0.7682
0.7684
0.7682
0.7682
0.7682
0.7684
0.7683
0.7681
0.7681
0.7684
0.7682
0.7685
0.7686
0.7681
0.768
0.7682
0.7683
0.7683
0.7685
0.7684
0.7685
0.7683
0.7685
0.7684
0.7684
0.7685
0.7684
0.7687
0.7684
0.7686
0.7686
0.7685
0.7687
0.7687
0.7688
0.7687
0.7688
0.7688
0.7687
0.7684
0.7683
0.7685
0.7685
0.7687
0.7688
0.7685
0.7688
0.7686
0.7691
0.7689
0.7689
0.7686
0.7689
0.7688
0.7687
0.7686
0.7689
0.7686
0.7689
0.7682
0.7687
0.7686
0.7689
0.7688
0.7685
0.7685
0.7685
0.769
0.7686
0.7685
0.7685
0.7684
0.7688
0.7686
0.7682
0.7681
0.7681
0.768
0.7682
0.7681
0.7684
0.7684
0.7686
0.7686
0.7688
0.7685
0.7687
0.7687
0.7687
0.7688
0.7685
0.7686
0.7687
0.7686
0.7685
0.7689
0.7685
0.7687
0.7687
0.7692
0.769
0.769
0.7689
0.769
0.7689
0.7689
0.7688
0.7689
0.769
0.7689
0.769
0.7689
0.769
0.7691
0.7689
0.7689
0.7687
0.7686
0.7689
0.7689
0.7688
0.7684
0.7688
0.7685
0.7686
0.7681
0.7687
0.7683
0.7685
0.7684
0.7687
0.7686
0.7687
0.7688
0.7689
0.7686
0.7689
0.7688
0.7688
0.7688
0.769
0.7689
0.7687
0.7691
0.7687
0.7688
0.7686
0.7687
0.7685
0.7689
0.7688
0.7688
0.7686
0.7688
0.7687
0.7687
0.7687
0.7683
0.7685
0.7684
0.7685
0.7684
0.7685
0.7682
0.7685
0.7687
0.7683
0.7687
0.7686
0.7687
0.7688
0.7688
0.7689
0.7687
0.7685
0.7691
0.7686
0.7686
0.7687
0.7689
0.7687
0.769
0.769
0.7688
0.7689
0.7689
0.7691
0.769
0.7693
0.7693
0.769
0.7692
0.7695
0.7691
0.7694
0.7693
0.7696
0.7692
0.7693
0.769
0.7695
0.7691
0.7695
0.7696
0.7694
0.7692
0.7694
0.7695
0.7692
0.7692
0.7692
0.7695
0.7693
0.7691
0.7693
0.7693
0.769
0.7691
0.7691
0.7691
0.7691
0.769
0.7692
0.7692
0.7693
0.7694
0.7694
0.7691
0.769
0.7696
0.7693
0.7696
0.769
0.7696
0.769
0.7693
0.7693
0.7693
0.7692
0.7692
0.769
0.7694
0.7693
0.7695
0.7692
0.7692
0.7691
0.7693
0.7692
0.7692
0.7692
0.7694
0.769
0.7695
0.769
0.7692
0.7686
0.7688
0.7686
0.7688
0.7686
0.7688
0.7689
0.7688
0.7688
0.7689
0.769
0.7686
0.7686
0.7686
0.769
0.7687
0.7691
0.7692
0.7691
0.769
0.7688
0.7689
0.7688
0.7687
0.7687
0.7687
0.7687
0.7687
0.7688
0.7685
0.7688
0.7684
0.7686
0.7684
0.7689
0.7687
0.7689
0.7689
0.7689
0.7689
0.7687
0.7689
0.7686
0.7689
0.7689
0.7687
0.7688
0.7687
0.7685
0.7687
0.7689
0.7688
0.7689
0.7689
0.7689
0.7689
0.769
0.7689
0.769
0.7689
0.769
0.7689
0.7688
0.7686
0.769
0.769
0.7693
0.769
0.7689
0.7685
0.7687
0.7692
0.7693
0.7695
0.7695
0.7692
0.7693
0.7694
0.7691
0.7695
0.7695
0.7695
0.7696
0.7694
0.769
0.7693
0.7692
0.7691
0.769
0.7692
0.7691
0.7692
0.769
0.7692
0.7691
0.7692
0.769
0.769
0.7691
0.7694
0.7694
0.7693
0.7692
0.7692
0.769
0.7689
0.7689
0.7689
0.7687
0.7689
0.7687
0.7688
0.7685
0.7688
0.7686
0.7687
0.7683
0.7685
0.7686
0.7685
0.7686
0.7687
0.7688
0.7686
0.7685
0.7683
0.7686
0.7687
0.7684
0.7684
0.7686
0.7686
0.7689
0.7687
0.7688
0.7688
0.7687
0.7688
0.7689
0.7691
0.7689
0.7692
0.7687
0.7693
0.7689
0.7689
0.769
0.7691
0.7689
0.7691
0.7693
0.7693
0.7688
0.7692
0.7688
0.7691
0.7686
0.7688
0.7684
0.7689
0.7686
0.7689
0.7686
0.7688
0.7687
0.7686
0.7688
0.7686
0.7688
0.7687
0.7686
0.7689
0.7687
0.7687
0.769
0.7686
0.7686
0.7686
0.7685
0.7686
0.7686
0.7686
0.7684
0.7684
0.7685
0.7686
0.7687
0.7685
0.7689
0.7687
0.7688
0.7687
0.7688
0.7686
0.7689
0.7686
0.7684
0.7684
0.7684
0.7685
0.7687
0.7688
0.7685
0.7686
0.7683
0.7681
0.7681
0.7683
0.7682
0.7683
0.768
0.7681
0.7677
0.768
0.7679
0.7678
0.768
0.7682
0.768
0.7682
0.7682
0.7679
0.7682
0.768
0.768
0.768
0.7678
0.7682
0.768
0.7682
0.7681
0.7682
0.768
0.7681
0.7682
0.7678
0.7679
0.7681
0.7684
0.7683
0.7688
0.7684
0.7682
0.7685
0.7684
0.7684
0.7685
0.7683
0.7683
0.7683
0.7681
0.7682
0.7684
0.7683
0.7683
0.7681
0.7682
0.7681
0.7682
0.7681
0.768
0.7682
0.7685
0.7686
0.769
0.7687
0.7686
0.7685
0.7683
0.7685
0.7683
0.7686
0.7686
0.7682
0.7685
0.7681
0.7683
0.7679
0.768
0.7681
0.768
0.7684
0.7682
0.7682
0.7683
0.7689
0.7684
0.7689
0.7685
0.7686
0.7685
0.7685
0.7683
0.7685
0.7682
0.7685
0.7684
0.7683
0.7683
0.7684
0.7686
0.7684
0.7686
0.7685
0.7683
0.7682
0.7682
0.7682
0.7685
0.7682
0.768
0.768
0.768
0.7682
0.7683
0.7686
0.7685
0.7686
0.7684
0.7683
0.7683
0.7683
0.7679
0.7681
0.7682
0.768
0.768
0.7681
0.7679
0.7682
0.768
0.7683
0.7682
0.7681
0.7683
0.768
0.7677
0.7681
0.7678
0.7679
0.7676
0.7678
0.768
0.7678
0.7679
0.7682
0.7679
0.7678
0.7674
0.7678
0.768
0.7681
0.768
0.7678
0.7679
0.7679
0.7677
0.7681
0.7678
0.768
0.7678
0.7681
0.7676
0.768
0.7681
0.7676
0.7674
0.7679
0.7679
0.7681
0.7676
0.7677
0.7678
0.7679
0.768
0.7681
0.7681
0.7685
0.7682
0.7682
0.768
0.7682
0.7683
0.768
0.7684
0.7681
0.7682
0.7683
0.7679
0.7681
0.7678
0.7678
0.768
0.768
0.7677
0.7681
0.7679
0.7682
0.768
0.7679
0.7677
0.768
0.7678
0.7683
0.7681
0.7678
0.7681
0.7679
0.7681
0.7681
0.7678
0.768
0.7678
0.7679
0.7679
0.7683
0.768
0.768
0.768
0.768
0.7681
0.768
0.768
0.7679
0.7678
0.7679
0.7679
0.7684
0.7682
0.7684
0.7683
0.7685
0.7682
0.7683
0.768
0.7681
0.768
0.7683
0.768
0.7682
0.7681
0.7683
0.7681
0.7682
0.7684
0.7681
0.7681
0.7683
0.7681
0.768
0.768
0.7681
0.7685
0.7684
0.7684
0.7682
0.7686
0.7688
0.7684
0.7686
0.7682
0.7684
0.7681
0.7684
0.7685
0.7684
0.7684
0.7687
0.7682
0.7684
0.768
0.7684
0.7686
0.7683
0.768
0.768
0.7679
0.7681
0.768
0.7681
0.7682
0.7684
0.7684
0.7682
0.7681
0.7682
0.7682
0.7684
0.7682
0.7682
0.7684
0.7679
0.7681
0.7678
0.768
0.7678
0.7676
0.7679
0.7679
0.768
0.7677
0.7678
0.7675
0.7676
0.7677
0.7678
0.7679
0.7679
0.7677
0.7676
0.7675
0.7679
0.7676
0.7678
0.7678
0.7678
0.7675
0.768
0.7678
0.7677
0.7677
0.7681
0.7679
0.7681
0.7679
0.7677
0.7678
0.7679
0.7677
0.7679
0.7677
0.7675
0.7679
0.7676
0.7675
0.7681
0.7679
0.768
0.7677
0.7681
0.7674
0.768
0.7677
0.7676
0.768
0.7682
0.7679
0.7681
0.7679
0.7683
0.768
0.7683
0.7683
0.7684
0.7684
0.7686
0.7681
0.7679
0.7683
0.7681
0.768
0.7677
0.7681
0.768
0.7678
0.768
0.7681
0.7681
0.768
0.768
0.7682
0.7686
0.768
0.7681
0.7678
0.7678
0.7679
0.7678
0.7681
0.7676
0.7677
0.7677
0.7679
0.7677
0.7681
0.7676
0.7681
0.7681
0.768
0.7682
0.7685
0.7684
0.7686
0.7683
0.7683
0.7682
0.7685
0.7684
0.7687
0.7684
0.7685
0.7682
0.7686
0.7684
0.7684
0.7683
0.7684
0.7684
0.7682
0.7685
0.7683
0.7681
0.7684
0.7685
0.7684
0.7681
0.7686
0.7682
0.7685
0.7681
0.7681
0.7683
0.7683
0.7678
0.7682
0.7683
0.7679
0.7678
0.768
0.7682
0.768
0.7685
0.7681
0.7683
0.7682
0.7681
0.7685
0.7682
0.7683
0.7682
0.7683
0.7679
0.7681
0.7676
0.7678
0.7676
0.7675
0.7677
0.7675
0.7677
0.7679
0.7682
0.7679
0.7681
0.7677
0.7677
0.768
0.768
0.7676
0.768
0.7677
0.768
0.7678
0.7677
0.7679
0.7679
0.7677
0.7677
0.7677
0.7677
0.7676
0.7677
0.7675
0.7678
0.7673
0.7678
0.7672
0.7677
0.7673
0.7671
0.7671
0.7673
0.7671
0.7671
0.7672
0.7676
0.7672
0.7675
0.7673
0.7671
0.7671
0.7673
0.7672
0.7673
0.7673
0.7678
0.7671
0.7673
0.767
0.7673
0.767
0.767
0.7671
0.7675
0.7669
0.7671
0.767
0.7671
0.7673
0.7672
0.767
0.767
0.7669
0.7673
0.767
0.7671
0.7671
0.7672
0.7671
0.7672
0.7672
0.7673
0.7671
0.7676
0.7672
0.7674
0.7674
0.7678
0.7675
0.7677
0.7678
0.7678
0.7677
0.7676
0.7678
0.7678
0.7676
0.7678
0.7676
0.7671
0.7679
0.7676
0.7675
0.7676
0.7676
0.7673
0.7676
0.7674
0.7677
0.7676
0.7677
0.7674
0.7678
0.7675
0.7677
0.7675
0.7678
0.7677
0.7678
0.7678
0.7673
0.7679
0.7677
0.768
0.7681
0.7685
0.768
0.7683
0.7677
0.7681
0.7679
0.768
0.7678
0.768
0.768
0.768
0.768
0.768
0.768
0.768
0.768
0.7677
0.768
0.7676
0.7676
0.7679
0.7679
0.7684
0.7683
0.7684
0.768
0.7681
0.7681
0.7681
