0.1829
0.23212
0.26432
0.29856
0.32644
0.35016
0.36526
0.38752
0.4017
0.41714
0.43056
0.43882
0.44824
0.45956
0.4647
0.47144
0.4779
0.48124
0.4868
0.49222
0.49836
0.50072
0.50448
0.51022
0.51436
0.5202
0.5229
0.52874
0.5303
0.53414
0.53558
0.5408
0.54432
0.54534
0.5473
0.5494
0.55146
0.55432
0.55738
0.55832
0.55984
0.56198
0.56376
0.56626
0.568
0.56932
0.57128
0.57246
0.57462
0.57752
0.58032
0.58124
0.58364
0.58546
0.58668
0.58874
0.59068
0.5921
0.59402
0.59592
0.59842
0.5998
0.60036
0.6024
0.60412
0.60512
0.60594
0.60688
0.60806
0.61016
0.61152
0.61292
0.61302
0.61504
0.61668
0.61716
0.61856
0.62006
0.62104
0.62218
0.62436
0.62476
0.62538
0.6265
0.628
0.62854
0.6294
0.63052
0.63096
0.6321
0.63262
0.6341
0.63476
0.63516
0.63578
0.6369
0.63816
0.639
0.64028
0.64046
0.6415
0.64256
0.64308
0.64426
0.64478
0.6457
0.64624
0.64664
0.64762
0.64764
0.64938
0.65062
0.65116
0.65206
0.65314
0.65354
0.65472
0.65502
0.65654
0.65668
0.65676
0.65734
0.65758
0.65784
0.65946
0.65986
0.6599
0.66096
0.66164
0.66256
0.6636
0.66416
0.66422
0.66442
0.66568
0.66604
0.66626
0.66754
0.66804
0.66862
0.66922
0.66934
0.66974
0.66954
0.67046
0.67088
0.67072
0.67114
0.6718
0.67156
0.67198
0.67234
0.67326
0.67408
0.67482
0.67524
0.67554
0.67608
0.67614
0.67752
0.67836
0.6782
0.67858
0.67958
0.67988
0.68106
0.6807
0.68182
0.68224
0.68272
0.6837
0.68386
0.68322
0.68378
0.68434
0.6841
0.68464
0.68494
0.68592
0.68628
0.68604
0.6865
0.68664
0.6863
0.68702
0.68732
0.68746
0.68688
0.68774
0.6882
0.68798
0.689
0.68902
0.68996
0.69048
0.6906
0.69068
0.69092
0.69106
0.69174
0.6922
0.69254
0.69244
0.69342
0.69316
0.69388
0.69334
0.69336
0.69438
0.6948
0.69524
0.69498
0.6955
0.69574
0.69614
0.69678
0.69698
0.69754
0.69754
0.69812
0.698
0.69896
0.69874
0.6999
0.69994
0.70014
0.70042
0.7014
0.702
0.70222
0.70204
0.70198
0.7024
0.70266
0.70276
0.70324
0.70352
0.70334
0.70398
0.70422
0.70474
0.70458
0.70468
0.70482
0.70506
0.7052
0.70606
0.70542
0.7063
0.70632
0.70646
0.70624
0.70638
0.70742
0.70704
0.70778
0.70728
0.70764
0.70804
0.70848
0.70878
0.70898
0.70872
0.70946
0.70992
0.71052
0.71028
0.71118
0.7107
0.71094
0.7116
0.71186
0.7116
0.7124
0.7121
0.71256
0.71284
0.7134
0.71332
0.71428
0.71422
0.71486
0.7147
0.71494
0.71498
0.71482
0.71528
0.71524
0.71536
0.71552
0.71542
0.71506
0.71592
0.71578
0.7166
0.71662
0.71666
0.71658
0.71702
0.71734
0.71734
0.71792
0.71758
0.71824
0.71832
0.71852
0.7188
0.7191
0.71922
0.71938
0.71964
0.72026
0.7202
0.72044
0.72052
0.72066
0.72078
0.72102
0.72126
0.72196
0.72152
0.72264
0.72182
0.72218
0.72244
0.72228
0.72274
0.72302
0.72362
0.72354
0.72364
0.72384
0.72416
0.7241
0.72398
0.72448
0.72464
0.72518
0.72526
0.7258
0.72562
0.72566
0.72588
0.72588
0.72596
0.72574
0.72628
0.72586
0.72608
0.72646
0.72688
0.7266
0.72664
0.72754
0.72744
0.72802
0.72804
0.72858
0.72842
0.72888
0.72854
0.7288
0.7291
0.72934
0.72952
0.72962
0.72946
0.73002
0.73
0.73018
0.73008
0.73048
0.73042
0.7305
0.73086
0.73062
0.73122
0.73164
0.73174
0.7318
0.73178
0.73208
0.732
0.73188
0.7327
0.73286
0.73324
0.73336
0.73314
0.7337
0.73364
0.7337
0.73342
0.73366
0.73308
0.734
0.73464
0.73426
0.73484
0.7347
0.7348
0.73484
0.73506
0.7351
0.73506
0.7353
0.7355
0.73554
0.73574
0.73586
0.73616
0.73612
0.73616
0.73646
0.73696
0.73678
0.73718
0.73724
0.73712
0.73748
0.73744
0.73778
0.73798
0.73806
0.73808
0.7382
0.738
0.7385
0.73798
0.7384
0.7385
0.73848
0.73882
0.7388
0.73902
0.73898
0.73934
0.74004
0.73948
0.7398
0.7398
0.73986
0.74022
0.74042
0.74094
0.74078
0.741
0.74096
0.74078
0.74118
0.74162
0.74184
0.7422
0.7418
0.74192
0.74182
0.7418
0.74236
0.74198
0.74224
0.7421
0.74236
0.74294
0.74258
0.74242
0.74266
0.74294
0.74316
0.74362
0.74322
0.7438
0.74374
0.74388
0.7439
0.74386
0.7437
0.7443
0.74418
0.7444
0.74454
0.74496
0.74504
0.74506
0.7451
0.74512
0.74532
0.74564
0.74584
0.74642
0.74632
0.7464
0.7463
0.74684
0.747
0.74688
0.74678
0.7469
0.74706
0.74718
0.74698
0.74778
0.74734
0.74822
0.74812
0.74834
0.7489
0.7487
0.7485
0.74894
0.7487
0.74858
0.74866
0.749
0.74904
0.74924
0.74942
0.7497
0.74922
0.7498
0.74962
0.74988
0.75
0.75018
0.74984
0.75072
0.75052
0.75078
0.75086
0.75084
0.75084
0.75118
0.75152
0.75188
0.7516
0.75184
0.75186
0.7521
0.7521
0.7523
0.75258
0.75256
0.7527
0.7527
0.75318
0.75228
0.75316
0.75304
0.75292
0.7532
0.75336
0.75346
0.75356
0.75334
0.7534
0.75342
0.75328
0.75322
0.75298
0.75346
0.75356
0.75392
0.7539
0.75456
0.7545
0.75478
0.75476
0.75474
0.7552
0.75508
0.75528
0.75482
0.75498
0.75528
0.75564
0.7558
0.75564
0.75592
0.75574
0.75584
0.75584
0.75602
0.75602
0.75624
0.7562
0.75606
0.75616
0.75644
0.75644
0.75648
0.75674
0.75706
0.75676
0.75732
0.7577
0.75762
0.75796
0.75756
0.75754
0.7577
0.75794
0.75812
0.7582
0.75856
0.75852
0.75842
0.7586
0.75872
0.75906
0.75868
0.7588
0.7587
0.75872
0.75878
0.75942
0.75914
0.7592
0.75914
0.75924
0.75902
0.75904
0.7592
0.7596
0.75948
0.75946
0.75966
0.75926
0.75944
0.75964
0.76002
0.75978
0.75982
0.75998
0.76
0.76028
0.76026
0.76048
0.76058
0.76072
0.7605
0.7608
0.76094
0.761
0.76124
0.76112
0.76104
0.76094
0.76146
0.76146
0.7611
0.76134
0.76148
0.7616
0.76148
0.76166
0.76154
0.76232
0.7624
0.76256
0.76278
0.7629
0.76266
0.76268
0.76256
0.76252
0.76292
0.7632
0.76274
0.7633
0.76308
0.763
0.76324
0.76334
0.76318
0.76288
0.76352
0.76318
0.76366
0.76348
0.76396
0.76372
0.76396
0.76354
0.76374
0.76354
0.76372
0.76332
0.76352
0.76366
0.76354
0.76404
0.76374
0.76374
0.76368
0.76386
0.7641
0.76424
0.76402
0.76456
0.76484
0.76464
0.7647
0.76444
0.76464
0.76462
0.76506
0.76522
0.76534
0.76504
0.76528
0.76536
0.76512
0.7652
0.76564
0.76566
0.76562
0.76582
0.76558
0.76626
0.766
0.76582
0.766
0.76588
0.76596
0.7661
0.76608
0.76618
0.76644
0.7663
0.76652
0.7662
0.76634
0.7665
0.7668
0.767
0.76694
0.76658
0.76712
0.76676
0.76732
0.7671
0.76698
0.7671
0.76694
0.76748
0.76708
0.76722
0.76742
0.76758
0.76746
0.76752
0.76762
0.76762
0.76748
0.76782
0.76752
0.76774
0.76764
0.76766
0.7677
0.76778
0.76834
0.76788
0.76836
0.76826
0.76814
0.76848
0.76886
0.76874
0.76894
0.76914
0.76886
0.7692
0.76912
0.76908
0.76924
0.76912
0.76952
0.76934
0.76978
0.76986
0.77008
0.7699
0.76978
0.76994
0.76974
0.7697
0.76998
0.77028
0.77012
0.77028
0.77024
0.77054
0.77034
0.7706
0.77028
0.77062
0.7706
0.77036
0.77056
0.77082
0.77064
0.77074
0.77064
0.77096
0.77086
0.77114
0.77126
0.77122
0.77124
0.77178
0.7714
0.77188
0.7721
0.77154
0.77196
0.7719
0.77204
0.77208
0.77182
0.77264
0.77248
0.77258
0.77236
0.77258
0.7726
0.77264
0.77254
0.7729
0.77228
0.77276
0.77266
0.77298
0.77318
0.77324
0.77362
0.77344
0.7735
0.77334
0.77344
0.77332
0.77412
0.77378
0.77388
0.7737
0.77396
0.77414
0.77426
0.7743
0.7746
0.77464
0.77482
0.77488
0.77534
0.77552
0.77558
0.77558
0.77578
0.77558
0.77532
0.77546
0.77574
0.77554
0.7755
0.77564
0.77572
0.77568
0.77546
0.77574
0.77542
0.77598
0.77602
0.77592
0.77574
0.7758
0.77608
0.77646
0.77632
0.7765
0.77678
0.7769
0.77672
0.77702
0.7771
0.77724
0.77728
0.7771
0.7771
0.77702
0.77736
0.77742
0.77716
0.77726
0.7777
0.7776
0.77774
0.77744
0.7778
0.77732
0.7777
0.77778
0.77806
0.77802
0.77824
0.77812
0.7782
0.77794
0.77806
0.77798
0.7783
0.77808
0.77838
0.77834
0.7787
0.77842
0.77876
0.77848
0.77888
0.77876
0.77902
0.77886
0.77934
0.77886
0.77926
0.7793
0.77954
0.77948
0.77976
0.7794
0.77966
0.77948
0.77976
0.7799
0.7799
0.77986
0.77996
0.77974
0.78018
0.77998
0.7804
0.77994
0.78042
0.7805
0.78042
0.78074
0.78068
0.7805
0.7807
0.78082
0.78114
0.78126
0.78138
0.78092
0.78104
0.781
0.7811
0.78092
0.78094
0.78092
0.7813
0.78126
0.7817
0.78158
0.78156
0.78174
0.78168
0.78188
0.78162
0.7817
0.78176
0.7819
0.78226
0.78206
0.78226
0.7822
0.78242
0.78222
0.78214
0.78206
0.78214
0.7824
0.78216
0.78236
0.78254
0.78252
0.78238
0.78204
0.78266
0.7827
0.78302
0.78268
0.78322
0.78276
0.783
0.78288
0.78308
0.78302
0.78312
0.78316
0.78338
0.78316
0.78352
0.7835
0.78348
0.78326
0.78358
0.78362
0.78362
0.78358
0.7838
0.78354
0.78386
0.78358
0.78356
0.7837
0.7837
0.78388
0.7838
0.78364
0.78388
0.78462
0.78452
0.7846
0.78466
0.78466
0.78472
0.7842
0.78462
0.78438
0.78456
0.78442
0.78438
0.78468
0.78456
0.78478
0.78506
0.78502
0.78536
0.78484
0.78532
0.78504
0.78524
0.7856
0.78572
0.78568
0.78562
0.78546
0.78554
0.78596
0.78594
0.78616
0.786
0.7864
0.78584
0.78652
0.78628
0.78656
0.7866
0.7866
0.78654
0.7865
0.78648
0.787
0.78718
0.78698
0.7872
0.7871
0.78734
0.78726
0.78732
0.78738
0.7876
0.78732
0.78746
0.7872
0.78756
0.7873
0.78722
0.7877
0.7874
0.7875
0.7875
0.78782
0.78748
0.7878
0.78734
0.7875
0.78744
0.78748
0.78746
0.78758
0.788
0.78804
0.7882
0.78826
0.78828
0.7878
0.7884
0.78784
0.78808
0.788
0.7881
0.78794
0.78836
0.78794
0.78858
0.78838
0.78834
0.78856
0.78832
0.78854
0.78876
0.78896
0.78892
0.78878
0.78938
0.78898
0.78882
0.78902
0.7888
0.78906
0.78896
0.78884
0.78912
0.7894
0.78888
0.78902
0.78926
0.78946
0.78922
0.7893
0.7894
0.78942
0.78982
0.7901
0.78926
0.78962
0.78998
0.78992
0.79012
0.7903
0.79024
0.79032
0.7904
0.79048
0.79032
0.79032
0.79036
0.7903
0.79042
0.7907
0.79072
0.79046
0.79074
0.79074
0.79066
0.79086
0.7909
0.79086
0.791
0.791
0.79082
0.79102
0.79106
0.79076
0.79124
0.7913
0.79132
0.79136
0.79122
0.79118
0.79114
0.79126
0.79118
0.79156
0.7919
0.79164
0.7916
0.79174
0.79192
0.79138
0.79172
0.79144
0.79196
0.79192
0.79222
0.79198
0.79222
0.79228
0.7921
0.7925
0.79228
0.79272
0.79272
0.79298
0.79278
0.79278
0.79294
0.79278
0.79284
0.7925
0.79284
0.79268
0.79302
0.79286
0.79272
0.79258
0.79272
0.79274
0.79306
0.79274
0.7928
0.79272
0.79294
0.793
0.79304
0.79316
0.79326
0.79302
0.7931
0.79288
0.79342
0.79326
0.79362
0.79348
0.79406
0.79374
0.79364
0.79352
0.79398
0.7937
0.79382
0.79402
0.79376
0.79368
0.79392
0.79392
0.79398
0.79406
0.79458
0.79466
0.79466
0.79486
0.79484
0.79496
0.79506
0.79536
0.79504
0.79534
0.79546
0.79556
0.79524
0.79564
0.79538
0.79546
0.79562
0.7956
0.79566
0.79566
0.79588
0.79578
0.7961
0.79564
0.7958
0.79552
0.79586
0.79568
0.79572
0.79604
0.79584
0.796
0.79608
0.79628
0.79628
0.79636
0.79654
0.79644
0.7967
0.79634
0.79646
0.7966
0.7966
0.79682
0.79672
0.79672
0.7968
0.79664
0.79656
0.7967
0.79672
0.79674
0.79662
0.79654
0.7968
0.79694
0.79674
0.79676
0.79738
0.79726
0.7971
0.79716
0.79694
0.79694
0.79742
0.79716
0.7975
0.79772
0.798
0.79758
0.79788
0.79794
0.79784
0.79806
0.79782
0.79796
0.79828
0.79792
0.79784
0.79772
0.7978
0.79762
0.79776
0.79768
0.79776
0.79804
0.79778
0.7979
0.79782
0.79784
0.79808
0.7982
0.7982
0.79846
0.79822
0.79816
0.79856
0.79834
0.79864
0.7987
0.79866
0.79894
0.79866
0.7989
0.79908
0.79906
0.79912
0.79924
0.7991
0.7995
0.7992
0.79972
0.79946
0.79934
0.79944
0.79928
0.799
0.79912
0.79918
0.79952
0.79952
0.79948
0.79968
0.79948
0.79986
0.7998
0.79988
0.79964
0.79974
0.79976
0.79982
0.7998
0.79996
0.79978
0.80004
0.80012
0.80016
0.8001
0.80022
0.80018
0.80032
0.8002
0.80042
0.80026
0.80074
0.80056
0.80056
0.80062
0.80082
0.8009
0.80054
0.80088
0.8006
0.80072
0.80082
0.80074
0.80062
0.80088
0.8008
0.80088
0.80088
0.8008
0.80108
0.8017
0.80158
0.80144
0.80162
0.80164
0.8018
0.80224
0.80186
0.8021
0.80228
0.80224
0.80238
0.8025
0.8025
0.80264
0.80242
0.80294
0.80276
0.80282
0.80286
0.80288
0.80306
0.80276
0.80258
0.80268
0.80256
0.80304
0.80316
0.80322
0.8032
0.80364
0.80326
0.8036
0.80322
0.80396
0.80378
0.80368
0.80366
0.80406
0.80364
0.80388
0.80388
0.80372
0.80362
0.80386
0.80392
0.80374
0.80386
0.80346
0.80384
0.8039
0.80412
0.80384
0.80414
0.80374
0.80388
0.80384
0.8039
0.80344
0.80402
0.80424
0.8043
0.80408
0.80436
0.80388
0.80404
0.80386
0.80426
0.80418
0.80424
0.80398
0.80432
0.80414
0.80432
0.80426
0.80422
0.8043
0.80408
0.8042
0.8042
0.8046
0.80424
0.80472
0.80434
0.80466
0.80454
0.80476
0.8047
0.80472
0.80484
0.80484
0.80492
0.80496
0.80492
0.80526
0.80476
0.80502
0.80498
0.80492
0.80514
0.80512
0.80516
0.80526
0.80522
0.80488
0.80512
0.80494
0.80518
0.80488
0.80498
0.80516
0.8051
0.80518
0.80548
0.80536
0.80552
0.80538
0.8056
0.80546
0.80584
0.80564
0.80564
0.80554
0.80562
0.80546
0.8056
0.80544
0.8058
0.8057
0.8059
0.8059
0.80576
0.8058
0.80588
0.80572
0.8061
0.80584
0.80606
0.80626
0.80646
0.80624
0.80634
0.8066
0.80632
0.80652
0.80646
0.80662
0.80676
0.80676
0.80638
0.80682
0.80664
0.80668
0.80694
0.80684
0.8068
0.80698
0.80704
0.80652
0.80684
0.80656
0.807
0.80702
0.80724
0.80708
0.8071
0.80688
0.807
0.80688
0.80706
0.80708
0.80724
0.80692
0.8073
0.807
0.8073
0.807
0.80706
0.80702
0.80698
0.80708
0.80724
0.80756
0.80732
0.80728
0.8074
0.8073
0.80778
0.80764
0.80768
0.80768
0.80794
0.80754
0.80758
0.80782
0.808
0.80772
0.8077
0.80762
0.8075
0.80762
0.80786
0.80814
0.80792
0.80852
0.8086
0.80854
0.8085
0.8084
0.8082
0.80862
0.8082
0.80832
0.808
0.80848
0.80818
0.80824
0.8085
0.80846
0.80858
0.80884
0.80898
0.80892
0.80894
0.80914
0.80922
0.80918
0.80966
0.80934
0.80944
0.80946
0.80948
0.80936
0.80936
0.80956
0.80952
0.80964
0.80948
0.80972
0.80996
0.81006
0.81012
0.80996
0.80972
0.8098
0.80984
0.80998
0.81022
0.81
0.81026
0.81018
0.81
0.81024
0.81018
0.81038
0.81042
0.81026
0.81046
0.81054
0.81072
0.8105
0.81062
0.81054
0.81062
0.81086
0.81088
0.81118
0.81122
0.81126
0.81138
0.81124
0.81112
0.81112
0.811
0.81122
0.81128
0.8113
0.8112
0.81102
0.81138
0.81136
0.81132
0.81164
0.81156
0.81158
0.81174
0.8118
0.81194
0.8117
0.81188
0.81192
0.81192
0.81194
0.81192
0.81238
0.8122
0.81238
0.81224
0.81214
0.8121
0.8122
0.81232
0.81218
0.81238
0.81224
0.81214
0.81214
0.8123
0.81236
0.81236
0.81232
0.81238
0.81248
0.81226
0.81218
0.8124
0.81206
0.8127
0.81224
0.81264
0.8121
0.81268
0.81288
0.81288
0.81284
0.81296
0.81312
0.81284
0.81254
0.81274
0.81252
0.81276
0.81274
0.81266
0.81282
0.8126
0.81294
0.8129
0.81276
0.81318
0.813
0.81306
0.81306
0.81302
0.81308
0.8133
0.81292
0.81284
0.81296
0.81292
0.81298
0.81314
0.81324
0.8134
0.81312
0.81336
0.81342
0.81362
0.81366
0.81382
0.81352
0.81358
0.81362
0.8136
0.81354
0.81346
0.81366
0.81352
0.81366
0.81368
0.81366
0.81362
0.81366
0.81366
0.81362
0.81342
0.81354
0.8136
0.81364
0.81384
0.81348
0.8139
0.81406
0.814
0.81396
0.81402
0.81396
0.81396
0.8141
0.81404
0.8142
0.81418
0.81438
0.81434
0.8146
0.81434
0.8145
0.81452
0.81452
0.8148
0.81476
0.81468
0.81488
0.81468
0.8148
0.81488
0.81502
0.81474
0.81502
0.81524
0.81508
0.8152
0.81504
0.815
0.81494
0.81492
0.81514
0.81486
0.81516
0.8151
0.81516
0.81506
0.81524
0.81504
0.81522
0.8152
0.81512
0.81522
0.8151
0.81538
0.81546
0.81548
0.81536
0.81562
0.81574
0.81572
0.81578
0.81576
0.81598
0.816
0.81608
0.8157
0.816
0.81596
0.81598
0.81606
0.816
0.81604
0.81616
0.81606
0.81622
0.81636
0.81628
0.8164
0.81622
0.81624
0.81642
0.81622
0.8164
0.81632
0.81632
0.81658
0.81648
0.81656
0.8168
0.81676
0.81676
0.81682
0.81698
0.81684
0.81728
0.8172
0.81738
0.81706
0.81718
0.81716
0.81738
0.81722
0.81746
0.81716
0.81726
0.81698
0.81704
0.81698
0.8171
0.8169
0.81712
0.81722
0.81706
0.81746
0.8174
0.81732
0.81738
0.81752
0.8172
0.81742
0.81712
0.81772
0.81746
0.81736
0.81736
0.81754
0.81744
0.81768
0.81734
0.81758
0.81756
0.81776
0.81754
0.81776
0.81764
0.8176
0.81744
0.81768
0.81772
0.81804
0.81786
0.81812
0.81792
0.81788
0.81788
0.81782
0.8179
0.81776
0.81788
0.81796
0.81802
0.81776
0.81796
0.81798
0.81814
0.81786
0.8182
0.81814
0.81832
0.8181
0.8184
0.81844
0.81852
0.8185
0.81838
0.81848
0.81852
0.81886
0.8184
0.81892
0.8187
0.81892
0.819
0.81896
0.81872
0.81898
0.819
0.8187
0.81884
0.81896
0.8188
0.81852
0.81884
0.81878
0.81914
0.81882
0.81922
0.81906
0.81898
0.8191
0.8191
0.81922
0.8194
0.81954
0.8196
0.81962
0.8197
0.81988
0.82006
0.81994
0.81988
0.81988
0.81986
0.81998
0.82002
0.8197
0.81988
0.81982
0.82002
0.81992
0.82022
0.81998
0.82014
0.82
0.82034
0.81994
0.82026
0.81992
0.82034
0.82038
0.82046
0.82008
0.82016
0.81996
0.82038
0.8202
0.82062
0.82056
0.82034
0.82042
0.82046
0.8205
0.82068
0.8209
0.82096
0.8211
0.82116
0.82116
0.8211
0.82102
0.82106
0.8209
0.82096
0.821
0.82108
0.82114
0.82134
0.82102
0.82118
0.82108
0.82122
0.82144
0.82162
0.82158
0.82168
0.82172
0.82172
0.8213
0.82144
0.82158
0.82184
0.82156
0.82144
0.82164
0.8217
0.82188
0.82178
0.82158
0.82164
0.82154
0.82164
0.8216
0.82182
0.82162
0.82168
0.82178
0.82174
0.8219
0.82184
0.82156
0.82164
0.82166
0.82178
0.82158
0.82174
0.8217
0.82188
0.82182
0.82196
0.82178
0.82166
0.82166
0.82198
0.82172
0.82194
0.82172
0.82186
0.82184
0.82204
0.82206
0.82184
0.82202
0.82208
0.82194
0.82198
0.82186
0.82182
0.82194
0.82204
0.82216
0.82212
0.8224
0.82202
0.82238
0.82232
0.82232
0.8223
0.8224
0.8222
0.82248
0.82244
0.82268
0.82272
0.82292
0.82298
0.82298
0.82286
0.82308
0.82312
0.82294
0.82284
0.82298
0.82292
0.82312
0.823
0.82314
0.82316
0.82308
0.82328
0.82338
0.82348
0.82354
0.82324
0.82378
0.82362
0.82376
0.82364
0.82354
0.82386
0.82372
0.82362
0.8237
0.82378
0.82366
0.82382
0.82384
0.82392
0.82366
0.8238
0.82366
0.82376
0.82376
0.82396
0.82404
0.8239
0.82378
0.82398
0.82396
0.82418
0.82402
0.8242
0.8242
0.8244
0.82426
0.8243
0.82434
0.82426
0.82414
0.82438
0.82406
0.82408
0.82432
0.8242
0.82444
0.82418
0.82418
0.82434
0.82414
0.82426
0.8242
0.8242
0.8244
0.8241
0.82428
0.82414
0.82436
0.82444
0.8245
0.82448
0.82444
0.82452
0.8245
0.82448
0.82428
0.82428
0.82444
0.82422
0.82454
0.8244
0.82458
0.82478
0.82466
0.82462
0.8245
0.82436
0.82474
0.82476
0.8247
0.82456
0.82458
0.8247
0.82466
0.82442
0.82472
0.82452
0.82494
0.82482
0.82502
0.8251
0.82522
0.82516
0.82528
0.82526
0.82532
0.82504
0.82566
0.82558
0.82544
0.82572
0.82572
0.82562
0.82574
0.82582
0.82602
0.82598
0.82588
0.82572
0.82574
0.826
0.82562
0.8257
0.82574
0.82586
0.82586
0.82566
0.82568
0.82564
0.82566
0.82566
0.82584
0.82566
0.82552
0.8256
0.82582
0.82564
0.8259
0.8258
0.8259
0.82588
0.82584
0.82594
0.8259
0.82596
0.82606
0.82604
0.82586
0.8259
0.82594
0.82618
0.82604
0.8264
0.82622
0.82618
0.82624
0.8264
0.82642
0.82614
0.82642
0.82642
0.82668
0.82638
0.82662
0.82656
0.8266
0.82652
0.82656
0.8265
0.82654
0.82672
0.8268
0.8269
0.82692
0.82694
0.82712
0.82712
0.82748
0.82714
0.82738
0.82742
0.82754
0.82716
0.82746
0.82732
0.82718
0.82728
0.82728
0.82732
0.82738
0.8276
0.8273
0.82766
0.82722
0.8275
0.82736
0.8274
0.82772
0.82758
0.8275
0.82768
0.82748
0.82764
0.82756
0.82794
0.82758
0.82798
0.82782
0.82796
0.82786
0.82782
0.82792
0.8279
0.82794
0.82778
0.82796
0.82774
0.8277
0.8276
0.82736
0.82728
0.82736
0.82746
0.8274
0.82732
0.82738
0.8273
0.82728
0.82736
0.82772
0.8276
0.82776
0.82758
0.828
0.82782
0.8279
0.828
0.82798
0.8279
0.828
0.82794
0.82804
0.82804
0.82804
0.82802
0.82836
0.82824
0.8283
0.82804
0.82834
0.82842
0.8283
0.82838
0.82848
0.82852
0.82846
0.82846
0.82836
0.82866
0.8286
0.82838
0.82818
0.82826
0.82844
0.82824
0.82832
0.82832
0.82828
0.8285
0.8284
0.82846
0.8281
0.82836
0.82834
0.8282
0.82842
0.8281
0.82816
0.8282
0.82844
0.82828
0.82852
0.82842
0.82868
0.8286
0.82886
0.8287
0.82868
0.82882
0.82888
0.82874
0.82874
0.82864
0.82888
0.82874
0.82868
0.82886
0.82914
0.82894
0.82892
0.82886
0.82906
0.82906
0.82926
0.82942
0.82952
0.82924
0.82924
0.82936
0.82946
0.82924
0.82952
0.82952
0.82964
0.82944
0.82952
0.82926
0.82942
0.82934
0.8298
0.8297
0.82958
0.82942
0.82954
0.82948
0.82976
0.82952
0.82948
0.8296
0.82962
0.82976
0.8296
0.82972
0.82984
0.82956
0.82964
0.82952
0.8297
0.82926
0.8297
0.82968
0.82982
0.82962
0.82944
0.82936
0.82954
0.82938
0.82952
0.8296
0.82964
0.8295
0.82954
0.82964
0.8296
0.82986
0.82998
0.82968
0.8298
0.8299
0.82992
0.82996
0.83002
0.8301
0.83004
0.83024
0.83024
0.83018
0.83032
0.82996
0.83026
0.83018
0.83
0.83008
0.82998
0.82998
0.83008
0.8303
0.8303
0.8303
0.83024
0.8303
0.83038
0.83046
0.83038
0.83056
0.83046
0.83048
0.83072
0.8305
0.83064
0.83078
0.83068
0.83078
0.831
0.83098
0.8309
0.8307
0.83082
0.83092
0.83066
0.83078
0.83084
0.83098
0.83082
0.83102
0.831
0.83082
0.83092
0.83084
0.83088
0.83098
0.8311
0.8312
0.83108
0.83108
0.8311
0.83122
0.83128
0.83128
0.83144
0.83156
0.8316
0.83162
0.83162
0.83166
0.83182
0.83184
0.83196
0.83204
0.83234
0.832
0.83206
0.83206
0.83204
0.83208
0.83186
0.8318
0.83212
0.83198
0.83216
0.83192
0.8324
0.83202
0.83198
0.83218
0.83222
0.83236
0.8322
0.83208
0.83234
0.83224
0.8324
0.83224
0.83234
0.83242
0.83234
0.83264
0.83228
0.83266
0.83242
0.8326
0.83258
0.83252
0.83258
0.8327
0.83266
0.83266
0.83278
0.83276
0.83282
0.8326
0.83264
0.83248
0.83274
0.83256
0.83266
0.83256
0.83266
0.83278
0.8329
0.83278
0.83296
0.83268
0.83288
0.83294
0.833
0.83294
0.83316
0.8329
0.83322
0.83338
0.8333
0.8333
0.8333
0.83326
0.8333
0.83328
0.83354
0.8333
0.83322
0.83344
0.83352
0.8334
0.83364
0.83326
0.8336
0.83342
0.83334
0.83346
0.8338
0.834
0.83374
0.8337
0.83394
0.83396
0.834
0.8341
0.83418
0.8342
0.83428
0.83416
0.83434
0.83444
0.83452
0.83424
0.83424
0.83442
0.83412
0.83416
0.83416
0.83422
0.83412
0.83404
0.8338
0.83408
0.83388
0.83418
0.83422
0.834
0.834
0.83404
0.83386
0.83408
0.834
0.83406
0.83412
0.83386
0.83394
0.8341
0.83426
0.83448
0.83428
0.83436
0.83416
0.83444
0.8343
0.8344
0.83422
0.83422
0.83446
0.8345
0.83456
0.83472
0.8345
0.83466
0.83458
0.83446
0.8346
0.83444
0.83476
0.83474
0.83504
0.83502
0.83506
0.835
0.83506
0.83482
0.83478
0.83454
0.83478
0.83464
0.83498
0.83498
0.83508
0.8351
0.83516
0.83516
0.83512
0.83522
0.83524
0.83526
0.83524
0.8351
0.83528
0.83524
0.8351
0.83524
0.8352
0.8352
0.83534
0.8352
0.83528
0.83518
0.83518
0.83532
0.83512
0.83546
0.83548
0.83552
0.83562
0.83564
0.83562
0.83554
0.83564
0.83572
0.83564
0.8357
0.83576
0.8358
0.83572
0.83552
0.83566
0.83566
0.8359
0.8359
0.83586
0.83582
0.8356
0.83558
0.83558
0.83554
0.83578
0.83592
0.83594
0.83588
0.83558
0.83598
0.83588
0.836
0.83612
0.83598
0.836
0.83588
0.83606
0.83598
0.83616
0.83596
0.836
0.83594
0.83614
0.83614
0.83646
0.8366
0.83638
0.83636
0.83636
0.83656
0.83658
0.83654
0.8364
0.83656
0.8364
0.83646
0.8365
0.83658
0.83644
0.8364
0.83622
0.83634
0.83636
0.83608
0.83626
0.83624
0.8362
0.83598
0.83618
0.83596
0.83638
0.8363
0.83632
0.83632
0.83632
0.83626
0.8363
0.83624
0.83616
0.83654
0.83638
0.83652
0.83674
0.83656
0.83662
0.83634
0.83678
0.83634
0.83654
0.83662
0.83666
0.83662
0.83664
0.83654
0.83686
0.83656
0.83684
0.83678
0.8368
0.8366
0.8367
0.8367
0.83658
0.83674
0.83682
0.8369
0.83688
0.83702
0.8368
0.83684
0.8369
0.837
0.83692
0.8372
0.8371
0.8372
0.83724
0.8371
0.83726
0.83708
0.83736
0.83732
0.83734
0.83746
0.8373
0.83754
0.83726
0.83744
0.83744
0.8376
0.8374
0.83758
0.8374
0.83754
0.8377
0.8376
0.83776
0.8378
0.8379
0.83788
0.8378
0.83778
0.83776
0.83766
0.8377
0.83758
0.83756
0.8373
0.83762
0.83742
0.8377
0.83746
0.83756
0.83728
0.83738
0.83746
0.83738
0.83758
0.83758
0.83752
0.83756
0.83788
0.8376
0.8378
0.83796
0.83822
0.83784
0.83828
0.83822
0.83832
0.83816
0.8382
0.83814
0.838
0.83812
0.83804
0.83802
0.83834
0.83802
0.83834
0.83826
0.83836
0.83854
0.83852
0.8382
0.83848
0.83846
0.83864
0.83858
0.83848
0.83858
0.83864
0.8386
0.83862
0.83866
0.8386
0.83844
0.8384
0.83838
0.83854
0.83856
0.83846
0.83836
0.83872
0.83852
0.8386
0.83872
0.83888
0.83892
0.8388
0.83894
0.8389
0.8388
0.83876
0.83896
0.8393
0.83906
0.83908
0.83908
0.83908
0.8389
0.83904
0.83882
0.83898
0.83894
0.83918
0.83912
0.83916
0.83904
0.83892
0.83882
0.83892
0.8389
0.83876
0.83874
0.83884
0.83882
0.83898
0.8388
0.8389
0.83882
0.83894
0.83894
0.83906
0.83924
0.83908
0.83926
0.8392
0.83932
0.83922
0.83948
0.83964
0.83944
0.83954
0.83934
0.83956
0.83952
0.8395
0.83936
0.83952
0.83972
0.83952
0.83952
0.83944
0.8395
0.83952
0.83952
0.83944
0.83938
0.83952
0.83924
0.83938
0.83934
0.83944
0.83942
0.83954
0.8397
0.83988
0.8396
0.83984
0.83946
0.83956
0.83968
0.83966
0.83974
0.83986
0.8398
0.83968
0.83976
0.83974
0.83992
0.8399
0.83996
0.8399
0.83988
0.8401
0.83988
0.8401
0.83976
0.83984
0.8399
0.83984
0.83998
0.84008
0.83988
0.8401
0.8399
0.84018
0.84002
0.84014
0.84006
0.83996
0.83998
0.84024
0.84018
0.8402
0.84014
0.84016
0.83998
0.84008
0.84004
0.84026
0.8402
0.84022
0.83998
0.84016
0.84022
0.84012
0.84002
0.84008
0.84008
0.84022
0.84022
0.84014
0.84018
0.84036
0.84016
0.84018
0.84016
0.84008
0.84018
0.84012
0.84028
0.84042
0.84062
0.84062
0.84052
0.8404
0.8408
0.84074
0.84068
0.8408
0.84076
0.84084
0.8407
0.84062
0.84066
0.84084
0.84056
0.84074
0.84078
0.84092
0.84042
0.84084
0.8407
0.84076
0.84072
0.8407
0.84074
0.84094
0.84092
0.84104
0.84092
0.84102
0.84094
0.841
0.84104
0.84088
0.84098
0.84078
0.84104
0.84084
0.84092
0.8409
0.84082
0.84084
0.84092
0.84094
0.84086
0.84096
0.8408
0.84082
0.84078
0.84102
0.84112
0.84102
0.84102
0.84106
0.84112
0.8408
0.84114
0.84122
0.84114
0.84142
0.84138
0.84138
0.8415
0.84138
0.84136
0.84128
0.84126
0.8414
0.84132
0.84122
0.8413
0.84126
0.8417
0.84158
0.84164
0.84152
0.84154
0.84158
0.84192
0.84166
0.8416
0.8417
0.8415
0.84198
0.84178
0.84188
0.84174
0.84198
0.84208
0.84226
0.84222
0.84218
0.84216
0.8423
0.84234
0.8423
0.84242
0.84212
0.84222
0.84234
0.84214
0.84224
0.8423
0.84218
0.84248
0.84242
0.84254
0.84248
0.84256
0.84262
0.84264
0.84262
0.84286
0.84274
0.8429
0.84286
0.84276
0.84292
0.84272
0.84296
0.8431
0.84276
0.84268
0.84274
0.8427
0.84276
0.84298
0.84288
0.84276
0.84296
0.84272
0.84306
0.84294
0.84298
0.8429
0.84274
0.84282
0.84302
0.84286
0.84298
0.843
0.8432
0.8432
0.84354
0.84348
0.84344
0.8435
0.84362
0.8435
0.84338
0.84344
0.84344
0.84332
0.84348
0.84346
0.84318
0.84352
0.84348
0.84346
0.84348
0.84336
0.84348
0.84336
0.8432
0.84338
0.8435
0.84356
0.84346
0.84344
0.84336
0.84346
0.84328
0.84352
0.84324
0.84338
0.84324
0.8434
0.84346
0.8435
0.84346
0.8435
0.84332
0.84336
0.84328
0.84328
0.84342
0.84324
0.84336
0.84346
0.84362
0.84384
0.8437
0.84354
0.84366
0.84376
0.8435
0.8436
0.8435
0.84368
0.8435
0.84362
0.8436
0.8433
0.84376
0.84346
0.8436
0.84376
0.84366
0.84366
0.84386
0.84356
0.84372
0.84358
0.8439
0.84358
0.8438
0.84358
0.84364
0.84376
0.84374
0.8437
0.844
0.84392
0.84382
0.84382
0.84374
0.84354
0.84364
0.84364
0.84352
0.84346
0.84352
0.84366
0.84368
0.84364
0.84366
0.8437
0.84372
0.84386
0.8437
0.84382
0.84362
0.84382
0.84376
0.84374
0.84386
0.84384
0.84398
0.844
0.84394
0.84412
0.84402
0.84418
0.84402
0.84428
0.84416
0.84432
0.84398
0.84434
0.84424
0.84434
0.84436
0.84432
0.8443
0.84438
0.84452
0.84436
0.84456
0.84472
0.84448
0.84488
0.84464
0.84492
0.84484
0.84484
0.84506
0.8448
0.84484
0.84476
0.84462
0.84468
0.84462
0.8446
0.84458
0.84462
0.84458
0.84472
0.8447
0.84474
0.84478
0.84476
0.84482
0.84474
0.84478
0.84456
0.84464
0.84462
0.84456
0.8448
0.84482
0.84502
0.84486
0.84498
0.84476
0.84498
0.84492
0.84516
0.8449
0.84516
0.84502
0.84508
0.84526
0.8452
0.84514
0.84524
0.84516
0.84538
0.84546
0.84548
0.84566
0.8454
0.84564
0.8455
0.84582
0.8457
0.84582
0.8456
0.84574
0.84554
0.84578
0.84562
0.84572
0.84542
0.84566
0.8458
0.84568
0.8456
0.84566
0.84572
0.8458
0.8458
0.84578
0.84572
0.84606
0.8457
0.84614
0.84586
0.84596
0.84626
0.84622
0.84656
0.84624
0.84616
0.8463
0.84642
0.84638
0.84648
0.84632
0.84628
0.84642
0.84636
0.84632
0.84644
0.8463
0.84646
0.84628
0.84634
0.84634
0.84648
0.84632
0.84626
0.84634
0.84642
0.84624
0.84632
0.84644
0.84628
0.84622
0.84638
0.8462
0.84616
0.84618
0.8464
0.84628
0.84622
0.84634
0.84614
0.84622
0.8462
0.84622
0.84624
0.84628
0.84628
0.84636
0.8462
0.84618
0.8463
0.84638
0.84634
0.8464
0.8464
0.8465
0.84648
0.84652
0.8466
0.84658
0.84668
0.84642
0.8467
0.84662
0.84682
0.84664
0.84676
0.84668
0.84654
0.84674
0.84668
0.84684
0.84682
0.8468
0.8466
0.84696
0.8467
0.84694
0.84664
0.8469
0.84692
0.84694
0.84698
0.84694
0.847
0.84682
0.84688
0.8468
0.84686
0.84718
0.8468
0.84702
0.84704
0.84714
0.84718
0.84728
0.84744
0.84738
0.84744
0.84718
0.84738
0.8473
0.84734
0.8475
0.84728
0.8474
0.8477
0.84746
0.84772
0.84784
0.84782
0.84772
0.8478
0.84788
0.84804
0.84804
0.84784
0.848
0.848
0.84788
0.84798
0.84782
0.84814
0.84812
0.84818
0.8483
0.84828
0.84818
0.8484
0.84814
0.84828
0.84822
0.8481
0.84826
0.8484
0.84844
0.84856
0.8483
0.8484
0.84842
0.8485
0.8486
0.84872
0.84844
0.8487
0.8488
0.84876
0.8486
0.84896
0.84874
0.84876
0.8487
0.84884
0.8487
0.8487
0.8487
0.84888
0.84888
0.84876
0.84888
0.84882
0.84902
0.84886
0.84888
0.84876
0.84892
0.84886
0.84884
0.84884
0.8489
0.84884
0.84894
0.84878
0.84882
0.849
0.84878
0.84888
0.84874
0.84882
0.8488
0.84884
0.84874
0.84884
0.84878
0.84866
0.84868
0.84864
0.84882
0.84876
0.84876
0.8486
0.8488
0.84898
0.84876
0.84884
0.84898
0.8491
0.84894
0.849
0.84896
0.84916
0.84912
0.84912
0.849
0.84918
0.84914
0.84942
0.84904
0.84922
0.84928
0.84942
0.84936
0.84936
0.84934
0.8495
0.84962
0.84946
0.84956
0.84946
0.8496
0.84958
0.84956
0.84954
0.84958
0.84956
0.84978
0.8495
0.84958
0.84938
0.84942
0.84936
0.84958
0.84952
0.8495
0.84934
0.84948
0.84942
0.84958
0.84944
0.8496
0.84954
0.84984
0.8497
0.84968
0.84944
0.84972
0.84942
0.84976
0.84952
0.84964
0.84942
0.84952
0.84944
0.84952
0.84954
0.84946
0.84962
0.8497
0.84974
0.84976
0.84994
0.84988
0.84992
0.8499
0.8499
0.84996
0.8498
0.84962
0.84998
0.8499
0.85004
0.85012
0.85004
0.8501
0.84992
0.85008
0.84986
0.84992
0.84984
0.8501
0.85006
0.84996
0.84994
0.85008
0.84998
0.84998
0.84996
0.85018
0.85006
0.8501
0.84978
0.84994
0.85006
0.8501
0.84996
0.85008
0.8501
0.85002
0.8501
0.85008
0.85012
0.85006
0.8502
0.85032
0.85018
0.85024
0.85026
0.8505
0.8506
0.85052
0.85056
0.85046
0.85038
0.85028
0.85034
0.85046
0.85038
0.85032
0.85038
0.85024
0.85044
0.85054
0.85052
0.8507
0.85072
0.85046
0.85056
0.85052
0.85054
0.85068
0.85032
0.8506
0.85044
0.85038
0.85046
0.85056
0.85058
0.85066
0.85072
0.85072
0.85084
0.85084
0.85096
0.8508
0.85082
0.85072
0.85082
0.85072
0.85084
0.85078
0.8507
0.85086
0.85092
0.85096
0.85104
0.85118
0.85096
0.85104
0.851
0.85114
0.85114
0.85086
0.8509
0.85082
0.85096
0.85106
0.85098
0.85108
0.85112
0.85112
0.851
0.85104
0.85106
0.85118
0.85118
0.85112
0.85104
0.8511
0.85106
0.8513
0.85092
0.85094
0.851
0.85108
0.85106
0.85094
0.85118
0.85094
0.8511
0.851
0.85124
0.85122
0.85104
0.85108
0.85102
0.85118
0.85116
0.85116
0.85106
0.85118
0.85104
0.85102
0.85108
0.85124
0.85124
0.85114
0.85126
0.85148
0.85148
0.85176
0.8517
0.85158
0.8518
0.8516
0.85162
0.85148
0.8516
0.85172
0.85162
0.85156
0.85144
0.85162
0.85166
0.8515
0.85152
0.85162
0.8516
0.85156
0.8515
0.85164
0.85172
0.85164
0.85184
0.85188
0.85182
0.85198
0.85184
0.8519
0.852
0.8518
0.8519
0.85214
0.85194
0.85222
0.85216
0.85208
0.85212
0.8521
0.85218
0.85216
0.85182
0.8523
0.85208
0.85222
0.85188
0.85218
0.85196
0.85208
0.85196
0.85188
0.85196
0.85204
0.85194
0.8522
0.85232
0.85224
0.85232
0.85218
0.85228
0.85224
0.8521
0.85214
0.8524
0.85236
0.8524
0.85266
0.85238
0.8525
0.85248
0.85248
0.85248
0.85252
0.85244
0.85256
0.8524
0.8525
0.85242
0.85232
0.85242
0.8524
0.85256
0.8526
0.85262
0.85252
0.8525
0.85258
0.85238
0.85256
0.85278
0.85272
0.85288
0.85268
0.85276
0.8528
0.8529
0.8528
0.85298
0.85296
0.85292
0.85292
0.8531
0.85298
0.85314
0.85318
0.85322
0.85312
0.85322
0.85322
0.85298
0.85302
0.85308
0.85314
0.85306
0.85318
0.85318
0.85342
0.85318
0.85316
0.85328
0.85334
0.85354
0.85336
0.85358
0.85324
0.8534
0.85318
0.85344
0.85348
0.85338
0.85344
0.85384
0.85382
0.85396
0.85378
0.85382
0.85374
0.85374
0.85378
0.8538
0.85398
0.85372
0.85358
0.8537
0.85376
0.8538
0.85396
0.85364
0.8539
0.85394
0.85428
0.85398
0.8538
0.85402
0.85388
0.8539
0.85408
0.85392
0.85388
0.85394
0.85384
0.85378
0.85392
0.85386
0.854
0.8541
0.85406
0.85386
0.85388
0.8539
0.85396
0.85394
0.85388
0.85412
0.85382
0.85388
0.85412
0.85408
0.85408
0.8543
0.85434
0.8546
0.85432
0.85446
0.8544
0.8545
0.8541
0.85448
0.85422
0.85452
0.85434
0.85458
0.85418
0.85446
0.8545
0.85448
0.85442
0.85448
0.85452
0.85446
0.85462
0.85452
0.85436
0.85436
0.85452
0.8545
0.85454
0.85456
0.8545
0.8545
0.85452
0.85452
0.8546
0.85448
0.85462
0.8545
0.8546
0.8545
0.85454
0.85462
0.85468
0.85466
0.85474
0.8548
0.8548
0.8548
0.85496
0.85492
0.85488
0.85486
0.85482
0.8547
0.85476
0.8548
0.8549
0.85478
0.85482
0.85474
0.85476
0.85476
0.8549
0.85492
0.85502
0.8551
0.8552
0.85512
0.85512
0.85538
0.85502
0.8551
0.85512
0.85522
0.85518
0.85522
0.85522
0.85518
0.85516
0.85548
0.8554
0.8554
0.85528
0.85538
0.85528
0.85518
0.8553
0.85528
0.8555
0.85554
0.85542
0.85532
0.85542
0.8554
0.85546
0.8553
0.85532
0.85514
0.85528
0.8556
0.85544
0.85562
0.85562
0.8558
0.85582
0.85592
0.8558
0.8558
0.85562
0.85586
0.8557
0.85578
0.85594
0.85572
0.8557
0.85574
0.85574
0.85578
0.8558
0.85564
0.85572
0.85558
0.85568
0.85576
0.85564
0.85562
0.85576
0.85566
0.8557
0.85564
0.85574
0.85572
0.85574
0.85572
0.85556
0.85546
0.8557
0.8557
0.8554
0.85576
0.85578
0.85576
0.85582
0.85572
0.85582
0.85586
0.85576
0.85598
0.85584
0.8558
0.85588
0.85598
0.85582
0.85574
0.85588
0.85578
0.85576
0.8558
0.85608
0.85586
0.85612
0.85592
0.85624
0.85602
0.8561
0.85608
0.8562
0.85596
0.85616
0.85608
0.8562
0.85632
0.85642
0.85628
0.85632
0.85632
0.85636
0.85604
0.8562
0.85628
0.85654
0.85634
0.85654
0.8564
0.85652
0.85628
0.85648
0.85632
0.85664
0.85634
0.85638
0.85642
0.85644
0.85646
0.85676
0.85654
0.8566
0.85654
0.85664
0.85634
0.8564
0.85634
0.85664
0.85634
0.8564
0.85644
0.85654
0.85648
0.85654
0.85648
0.85634
0.85622
0.85648
0.85644
0.85662
0.85642
0.8564
0.85656
0.8566
0.85662
0.8566
0.85642
0.85676
0.8566
0.85676
0.85668
0.8568
0.85688
0.85674
0.8571
0.85696
0.85704
0.85686
0.85696
0.85696
0.85702
0.85706
0.85688
0.8569
0.85706
0.85708
0.85712
0.85704
0.85722
0.85724
0.85706
0.85718
0.85716
0.85714
0.85702
0.85728
0.8573
0.85728
0.8574
0.85718
0.85704
0.85716
0.85708
0.85722
0.85728
0.8572
0.85716
0.85728
0.8574
0.8572
0.85722
0.8574
0.8572
0.85738
0.85722
0.85724
0.85722
0.85722
0.85744
0.8573
0.85738
0.8573
0.85736
0.85738
0.85744
0.85734
0.85736
0.85744
0.85744
0.85744
0.85734
0.85732
0.85742
0.85728
0.85734
0.85732
0.85738
0.85752
0.85734
0.8575
0.85734
0.85772
0.85744
0.8573
0.85738
0.85742
0.85728
0.85746
0.85732
0.85734
0.8573
0.85746
0.85732
0.85752
0.85746
0.85758
0.85738
0.85766
0.85748
0.85764
0.85766
0.85762
0.85762
0.85772
0.8574
0.85746
0.85732
0.85764
0.85738
0.8575
0.85744
0.8576
0.85752
0.85776
0.85778
0.85786
0.85768
0.85808
0.85786
0.85826
0.85764
0.85796
0.85758
0.85796
0.8576
0.85778
0.8575
0.8577
0.8575
0.85774
0.85786
0.858
0.85788
0.85782
0.8577
0.85798
0.85782
0.85792
0.85776
0.8578
0.8578
0.85774
0.85756
0.85798
0.85778
0.8579
0.85784
0.85788
0.85804
0.8582
0.85796
0.85816
0.85806
0.85814
0.85806
0.8582
0.85834
0.85842
0.85832
0.85846
0.85822
0.85848
0.85854
0.8586
0.85838
0.85852
0.85856
0.85834
0.85836
0.85854
0.8585
0.85858
0.85842
0.8586
0.85826
0.85852
0.85842
0.85864
0.8586
0.85866
0.85882
0.85888
0.85882
0.85916
0.85874
0.85894
0.859
0.8589
0.85892
0.85892
0.85888
0.859
0.8589
0.85904
0.85882
0.85908
0.85892
0.8591
0.85876
0.85898
0.85868
0.85878
0.85864
0.85892
0.85874
0.859
0.8588
0.85878
0.85876
0.85888
0.85888
0.8589
0.85906
0.85892
0.85896
0.85908
0.85896
0.85902
0.8592
0.85914
0.859
0.85918
0.85904
0.85904
0.85892
0.85912
0.85908
0.85896
0.85908
0.85892
0.8591
0.85896
0.85892
0.8591
0.85898
0.8591
0.8591
0.85926
0.85918
0.8592
0.85936
0.85934
0.8592
0.85934
0.85942
0.85936
0.85944
0.85958
0.85958
0.8596
0.85968
0.85976
0.85962
0.85962
0.85964
0.85954
0.85952
0.8596
0.85946
0.85954
0.85968
0.85942
0.85956
0.85958
0.85968
0.85974
0.85938
0.85958
0.8595
0.85944
0.8591
0.85942
0.8594
0.8595
0.8594
0.85964
0.85962
0.8597
0.8596
0.85968
0.85954
0.85976
0.85974
0.8597
0.85944
0.85966
0.8596
0.85994
0.85972
0.86002
0.85988
0.86
0.85998
0.85992
0.85986
0.85974
0.85968
0.85962
0.85974
0.85974
0.85978
0.8598
0.85982
0.8598
0.85974
0.85994
0.85996
0.86004
0.8599
0.85992
0.85992
0.86004
0.85982
0.85998
0.86002
0.85996
0.85982
0.86004
0.86
0.86
0.85998
0.8599
0.86004
0.86004
0.85992
0.86004
0.86002
0.86006
0.85998
0.86012
0.8602
0.8603
0.86026
0.8603
0.86
0.86032
0.86036
0.8603
0.86042
0.8604
0.86042
0.8605
0.86034
0.86052
0.86054
0.8604
0.86034
0.86034
0.86046
0.86038
0.86042
0.86054
0.8606
0.86042
0.86064
0.86056
0.86052
0.86074
0.86054
0.86068
0.86056
0.86076
0.86072
0.86084
0.86064
0.86046
0.86066
0.86076
0.86066
0.86094
0.86078
0.86086
0.86074
0.86086
0.86062
0.86072
0.86056
0.86072
0.86076
0.86066
0.86054
0.86068
0.86064
0.86064
0.86064
0.86064
0.86088
0.86088
0.86098
0.86082
0.86066
0.86064
0.86078
0.8609
0.86086
0.8608
0.8608
0.86096
0.86084
0.86084
0.86078
0.86088
0.86092
0.86096
0.86082
0.86094
0.8608
0.86076
0.86068
0.86056
0.86066
0.86078
0.86088
0.86096
0.86076
0.86076
0.86068
0.86078
0.86066
0.86072
0.86068
0.86084
0.86082
0.86088
0.86076
0.86094
0.86092
0.86072
0.86086
0.86102
0.86076
0.8611
0.86084
0.86092
0.86092
0.86094
0.86092
0.86086
0.86094
0.861
0.861
0.86096
0.86096
0.86098
0.86096
0.86088
0.86096
0.86078
0.86102
0.86078
0.861
0.86094
0.86096
0.86088
0.86106
0.86076
0.86086
0.86082
0.8609
0.86074
0.86078
0.86078
0.86078
0.86078
0.86086
0.8608
0.86078
0.86088
0.86086
0.86078
0.86092
0.86076
0.86078
0.8608
0.86094
0.86104
0.86114
0.86118
0.86108
0.86098
0.86104
0.86116
0.86104
0.86122
0.86112
0.86124
0.8612
0.86118
0.86126
0.8614
0.86118
0.8612
0.86128
0.86118
0.86124
0.86128
0.86122
0.8612
0.86106
0.86142
0.86136
0.86138
0.86114
0.86132
0.86138
0.86146
0.86126
0.86126
0.86126
0.86134
0.86132
0.86142
0.86136
0.8613
0.86136
0.8615
0.86126
0.86144
0.86118
0.86146
0.86138
0.86148
0.86142
0.86148
0.86136
0.86166
0.86154
0.86172
0.8615
0.86148
0.8615
0.86164
0.86146
0.8617
0.86158
0.86164
0.86156
0.86156
0.86146
0.86156
0.86144
0.86164
0.86152
0.86174
0.86164
0.86152
0.8617
0.86168
0.8617
0.86168
0.86188
0.86182
0.86168
0.86196
0.86186
0.86202
0.86198
0.86196
0.86186
0.86192
0.86212
0.8618
0.8617
0.86178
0.86178
0.86172
0.86192
0.86192
0.8619
0.8619
0.86194
0.86204
0.862
0.86204
0.86204
0.862
0.86208
0.86196
0.86218
0.8619
0.86196
0.86194
0.86188
0.86198
0.86208
0.86216
0.86202
0.86186
0.86198
0.86214
0.86202
0.86212
0.86198
0.862
0.86186
0.86196
0.86196
0.86204
0.86214
0.86208
0.86192
0.862
0.86194
0.86202
0.86208
0.86206
0.86218
0.86222
0.8623
0.86242
0.86234
0.86252
0.86228
0.8623
0.86196
0.86222
0.86214
0.8622
0.86204
0.86214
0.86206
0.86236
0.86216
0.86232
0.86224
0.86236
0.86222
0.8623
0.86226
0.8624
0.86234
0.86238
0.86248
0.8624
0.86222
0.86234
0.86228
0.86214
0.86212
0.86216
0.8622
0.86234
0.86212
0.86238
0.86242
0.8625
0.86222
0.86246
0.8621
0.8623
0.86226
0.86232
0.86244
0.8625
0.86248
0.86244
0.86254
0.8626
0.86252
0.86262
0.86264
0.8626
0.86272
0.86272
0.86282
0.86286
0.86288
0.8627
0.86282
0.86294
0.8628
0.863
0.86262
0.86294
0.86276
0.8629
0.86292
0.86288
0.86282
0.8628
0.86266
0.86282
0.86288
0.86314
0.86286
0.86292
0.8631
0.86308
0.86312
0.86294
0.8631
0.86294
0.86304
0.863
0.86296
0.86302
0.86296
0.86312
0.86324
0.86322
0.86336
0.86318
0.8631
0.86316
0.86324
0.86336
0.86332
0.86326
0.86336
0.86346
0.8633
0.86354
0.86356
0.86356
0.86352
0.8636
0.86368
0.86382
0.86388
0.86388
0.86378
0.86352
0.8638
0.86378
0.86388
0.86388
0.86398
0.86398
0.86388
0.86374
0.86372
0.8637
0.8639
0.86404
0.8639
0.864
0.864
0.86428
0.86418
0.86424
0.86412
0.86422
0.86414
0.86402
0.86406
0.86404
0.86414
0.86406
0.86398
0.86376
0.86404
0.86388
0.8643
0.86404
0.86446
0.864
0.86436
0.86392
0.86418
0.86424
0.86428
0.86416
0.8643
0.86446
0.86448
0.86464
0.86462
0.86456
0.86452
0.86448
0.86474
0.86458
0.86462
0.86448
0.8645
0.86472
0.86462
0.86474
0.86464
0.8647
0.86454
0.86456
0.86436
0.86442
0.86428
0.86446
0.86438
0.86426
0.86428
0.86444
0.86434
0.86452
0.8646
0.86476
0.86466
0.86456
0.86464
0.86464
0.86452
0.86464
0.86462
0.86462
0.86446
0.8648
0.86478
0.86446
0.86452
0.86464
0.86448
0.86464
0.8646
0.86458
0.86462
0.86464
0.86444
0.86452
0.86458
0.86468
0.86454
0.86462
0.86462
0.8647
0.86462
0.86474
0.8647
0.86474
0.86482
0.86474
0.86446
0.86478
0.86456
0.86484
0.86476
0.86472
0.8647
0.8648
0.8648
0.86498
0.86498
0.86486
0.86522
0.86498
0.8652
0.86506
0.86512
0.86514
0.86522
0.86536
0.86508
0.86522
0.86524
0.86536
0.86536
0.86526
0.86536
0.86538
0.86524
0.86552
0.86546
0.86556
0.86534
0.86548
0.86552
0.86544
0.8654
0.86546
0.86554
0.86554
0.8655
0.86534
0.86552
0.86564
0.86556
0.86566
0.86578
0.8657
0.8655
0.8656
0.86554
0.86552
0.86558
0.8655
0.86556
0.86544
0.8655
0.86534
0.86538
0.86546
0.86552
0.86546
0.86556
0.8654
0.86558
0.8655
0.86562
0.86556
0.86572
0.86568
0.86572
0.86564
0.86566
0.8657
0.86564
0.8657
0.86564
0.86568
0.86582
0.86564
0.86564
0.86564
0.86558
0.86576
0.86578
0.86572
0.86558
0.86542
0.86584
0.86576
0.86572
0.86578
0.86576
0.86582
0.86564
0.86572
0.86578
0.86572
0.86574
0.86578
0.86572
0.8657
0.86598
0.8658
0.86624
0.86606
0.86624
0.86596
0.86602
0.86614
0.86628
0.8662
0.86626
0.86612
0.86614
0.86606
0.86602
0.86614
0.86626
0.86632
0.8662
0.8662
0.86618
0.8661
0.86624
0.86626
0.86598
0.86606
0.86604
0.86606
0.86614
0.86606
0.86616
0.86612
0.8661
0.86612
0.86614
0.86612
0.86612
0.86604
0.86608
0.86608
0.86626
0.86622
0.86626
0.8662
0.8661
0.86634
0.86636
0.86644
0.86644
0.86636
0.86612
0.86616
0.86626
0.86614
0.86628
0.86612
0.86638
0.86618
0.86656
0.86632
0.86624
0.86632
0.86646
0.86644
0.8664
0.86648
0.86632
0.86644
0.8665
0.86652
0.86664
0.86654
0.86658
0.8664
0.86656
0.86626
0.86638
0.86636
0.86636
0.86644
0.8665
0.86654
0.86648
0.86644
0.86658
0.8663
0.86658
0.86662
0.86656
0.86648
0.86646
0.86662
0.8665
0.86654
0.86672
0.8666
0.86658
0.8666
0.86656
0.86668
0.86674
0.8668
0.86676
0.8668
0.86666
0.86692
0.867
0.86688
0.86698
0.867
0.86696
0.86704
0.8669
0.86678
0.86684
0.86692
0.8668
0.86674
0.86658
0.86676
0.86684
0.86666
0.8666
0.86676
0.86672
0.86678
0.86694
0.86676
0.86694
0.86686
0.86684
0.86664
0.86684
0.86662
0.86672
0.86658
0.86678
0.86676
0.86684
0.867
0.86696
0.867
0.8668
0.8668
0.86668
0.8669
0.86686
0.86702
0.8668
0.86696
0.86664
0.86682
0.8668
0.86686
0.86668
0.86682
0.8668
0.86702
0.86698
0.8671
0.86686
0.86706
0.867
0.86706
0.86702
0.86708
0.86716
0.86698
0.8672
0.8672
0.86728
0.86718
0.8674
0.86732
0.86726
0.86714
0.86726
0.8673
0.86748
0.86734
0.86742
0.86766
0.86752
0.86728
0.8675
0.86746
0.86746
0.86748
0.86746
0.8676
0.86744
0.86748
0.8674
0.86758
0.86768
0.8675
0.86758
0.86762
0.86748
0.86746
0.86746
0.86764
0.86778
0.86754
0.8678
0.8676
0.86756
0.86764
0.86776
0.86774
0.8676
0.86772
0.86772
0.86782
0.86784
0.86774
0.8677
0.8678
0.86776
0.8679
0.86794
0.868
0.868
0.86798
0.868
0.86812
0.86804
0.86814
0.86808
0.868
0.86816
0.86808
0.8682
0.86814
0.8682
0.86828
0.86822
0.86856
0.86838
0.86846
0.86832
0.86836
0.86814
0.86836
0.86834
0.86846
0.8682
0.86822
0.8681
0.86824
0.86814
0.86822
0.86828
0.86834
0.8683
0.86852
0.86844
0.86846
0.86856
0.86856
0.86846
0.86834
0.8684
0.86826
0.86854
0.8683
0.86846
0.8684
0.86838
0.86828
0.86848
0.86856
0.86862
0.86868
0.86868
0.86862
0.8686
0.86846
0.86872
0.86866
0.8688
0.86874
0.869
0.86886
0.8691
0.869
0.86922
0.86886
0.86906
0.86892
0.869
0.86888
0.86888
0.86876
0.86894
0.86878
0.86898
0.86892
0.86898
0.86904
0.869
0.86898
0.8691
0.8692
0.86918
0.8692
0.86908
0.86918
0.86906
0.86906
0.869
0.86894
0.86912
0.86884
0.86908
0.86882
0.86894
0.86892
0.86918
0.8689
0.8691
0.8692
0.86902
0.869
0.86908
0.8691
0.86922
0.86934
0.86932
0.86924
0.86932
0.86928
0.8692
0.86912
0.8692
0.86934
0.86936
0.8693
0.86922
0.8695
0.86934
0.86944
0.86948
0.8694
0.86932
0.86938
0.86946
0.86954
0.8694
0.86964
0.86946
0.86952
0.86956
0.8694
0.86956
0.8695
0.86968
0.86974
0.86962
0.86974
0.86986
0.86998
0.86986
0.86996
0.8699
0.86984
0.86978
0.86982
0.86968
0.86982
0.8696
0.86958
0.86938
0.8694
0.86946
0.86928
0.86942
0.86946
0.86966
0.86938
0.86954
0.86944
0.86946
0.86932
0.86956
0.86932
0.86942
0.8695
0.86956
0.86956
0.86964
0.8696
0.86968
0.86972
0.8698
0.86944
0.8697
0.86956
0.86954
0.86964
0.86988
0.86968
0.86974
0.86972
0.8696
0.86974
0.86956
0.86972
0.8697
0.86972
0.86968
0.86978
0.8699
0.86992
0.87002
0.87
0.87014
0.8701
0.87016
0.87014
0.87006
0.87012
0.87028
0.8702
0.87028
0.87
0.8703
0.87012
0.8702
0.87022
0.87028
0.8703
0.87036
0.8703
0.87012
0.87014
0.87008
0.87004
0.87016
0.87026
0.87018
0.8702
0.87034
0.87048
0.87022
0.8704
0.87048
0.8705
0.87046
0.87036
0.8705
0.87048
0.87034
0.87032
0.87042
0.87048
0.87054
0.87058
0.87046
0.87052
0.87044
0.87038
0.8703
0.87034
0.8703
0.87044
0.87036
0.87046
0.87048
0.8706
0.87042
0.87036
0.8704
0.87038
0.8704
0.87056
0.87062
0.87062
0.8708
0.87062
0.87054
0.87066
0.8708
0.8708
0.8709
0.8708
0.87078
0.87086
0.8709
0.87084
0.87074
0.87082
0.87094
0.87088
0.87084
0.87092
0.87088
0.87096
0.87084
0.87094
0.87104
0.871
0.87092
0.87096
0.8708
0.8709
0.87082
0.87082
0.87084
0.87092
0.87096
0.87086
0.87092
0.87084
0.87092
0.87086
0.87108
0.87098
0.87114
0.871
0.87092
0.87108
0.87096
0.87106
0.87096
0.87102
0.871
0.87096
0.871
0.87106
0.87102
0.87114
0.87084
0.87102
0.87104
0.87118
0.87126
0.8714
0.87134
0.87134
0.8712
0.87132
0.87142
0.87142
0.87156
0.87152
0.87154
0.87158
0.87138
0.87142
0.87122
0.87128
0.87148
0.8716
0.87156
0.8716
0.87144
0.8715
0.87144
0.87148
0.87148
0.87142
0.87144
0.87156
0.87146
0.87142
0.87146
0.87132
0.87138
0.87136
0.8713
0.87148
0.87126
0.87158
0.8713
0.87148
0.87144
0.87158
0.87146
0.87172
0.87152
0.87158
0.87152
0.8716
0.87144
0.87164
0.8714
0.87152
0.87146
0.87152
0.8714
0.8715
0.87142
0.87154
0.87148
0.87156
0.8715
0.87144
0.87164
0.87144
0.87152
0.87138
0.8714
0.87154
0.87144
0.87148
0.87138
0.87134
0.87148
0.87134
0.87154
0.87134
0.87134
0.87128
0.87124
0.87128
0.87128
0.87124
0.87138
0.87126
0.87124
0.87144
0.87134
0.87136
0.87122
0.87126
0.87128
0.87122
0.87126
0.87126
0.87118
0.87128
0.87114
0.87116
0.87116
0.8711
0.871
0.87118
0.87112
0.87108
0.87122
0.87114
0.87122
0.87114
0.87132
0.87136
0.87154
0.8713
0.87158
0.87138
0.87164
0.87162
0.87152
0.87158
0.87164
0.87142
0.87166
0.87148
0.87144
0.87154
0.87134
0.87136
0.8716
0.8714
0.87148
0.87148
0.87158
0.87156
0.87152
0.87168
0.87178
0.87164
0.87154
0.87156
0.87152
0.87152
0.87152
0.87172
0.8717
0.8717
0.8717
0.87168
0.87162
0.87158
0.8716
0.87162
0.87158
0.87148
0.8717
0.87168
0.87172
0.87168
0.87168
0.87176
0.87174
0.87174
0.87152
0.87158
0.87174
0.87166
0.87174
0.87174
0.87164
0.87152
0.87186
0.8717
0.87188
0.8719
0.87178
0.87182
0.8719
0.87198
0.87188
0.872
0.8718
0.87188
0.87202
0.87194
0.87206
0.87212
0.8721
0.87206
0.87202
0.87214
0.87202
0.87218
0.87214
0.872
0.87214
0.87212
0.8721
0.87206
0.87232
0.87216
0.87214
0.87212
0.87214
0.8722
0.87228
0.8723
0.87206
0.8722
0.87218
0.87226
0.87228
0.87218
0.87226
0.8722
0.87234
0.87252
0.87244
0.87254
0.87238
0.8725
0.8725
0.87256
0.87242
0.87238
0.87214
0.8725
0.8724
0.87262
0.87264
0.8726
0.8725
0.87248
0.87244
0.87244
0.87258
0.8727
0.87262
0.87262
0.87262
0.87264
0.87252
0.87246
0.87244
0.87238
0.87236
0.87204
0.87232
0.87228
0.87242
0.87244
0.87238
0.87244
0.87246
0.8724
0.8722
0.87222
0.8723
0.87234
0.87232
0.87224
0.87218
0.87234
0.87226
0.87248
0.8723
0.8726
0.87236
0.87244
0.87228
0.87246
0.87236
0.87254
0.8724
0.8725
0.87254
0.87252
0.87262
0.87258
0.87276
0.87256
0.87258
0.8727
0.87298
0.87266
0.87268
0.87274
0.87274
0.87264
0.87294
0.87282
0.87284
0.87284
0.87276
0.87264
0.87282
0.87274
0.8726
0.87274
0.87276
0.87272
0.87268
0.8728
0.8727
0.8728
0.8729
0.8728
0.87304
0.87294
0.87314
0.87302
0.87306
0.87294
0.87318
0.87306
0.87308
0.87308
0.87324
0.87346
0.87334
0.87316
0.8733
0.87338
0.87336
0.87346
0.8734
0.87334
0.87334
0.87326
0.87324
0.87334
0.87324
0.87314
0.87316
0.87328
0.87336
0.87332
0.8733
0.87334
0.8733
0.87334
0.87332
0.87328
0.87338
0.87326
0.87328
0.87344
0.8733
0.87334
0.87342
0.87336
0.87324
0.87334
0.8733
0.87336
0.87342
0.87338
0.87334
0.8734
0.87344
0.87358
0.87366
0.87364
0.87344
0.8736
0.8735
0.87356
0.87342
0.87374
0.87364
0.8737
0.87372
0.87368
0.8735
0.87372
0.8736
0.87368
0.87366
0.8738
0.87368
0.87372
0.87372
0.87366
0.8736
0.87372
0.87376
0.8737
0.87384
0.8738
0.87398
0.8739
0.87386
0.87388
0.8739
0.87402
0.87406
0.87404
0.87394
0.87414
0.87382
0.8741
0.874
0.87406
0.8739
0.87416
0.87402
0.87404
0.87408
0.8741
0.87402
0.874
0.87394
0.87402
0.87384
0.874
0.87382
0.8741
0.8738
0.87402
0.87376
0.87406
0.87394
0.87402
0.87376
0.87374
0.87362
0.87376
0.8737
0.87366
0.87348
0.87382
0.87358
0.87378
0.8737
0.87364
0.87386
0.87358
0.87378
0.87376
0.87384
0.87376
0.87384
0.8739
0.87364
0.87376
0.87356
0.87372
0.87372
0.87368
0.87376
0.87366
0.87354
0.87374
0.87352
0.8737
0.87374
0.8739
0.87348
0.87398
0.8739
0.87376
0.8738
0.87388
0.87374
0.87362
0.87392
0.87376
0.87384
0.87376
0.87374
0.87378
0.87394
0.87384
0.87394
0.87398
0.87408
0.87404
0.8742
0.8741
0.87402
0.874
0.87394
0.87404
0.87388
0.87402
0.87418
0.8741
0.87428
0.87432
0.8743
0.87432
0.8745
0.87436
0.87432
0.8744
0.87446
0.87456
0.87448
0.87462
0.87444
0.87452
0.87446
0.87446
0.87442
0.87448
0.87438
0.87456
0.8744
0.8747
0.8745
0.87452
0.8744
0.8744
0.87418
0.87448
0.87418
0.87436
0.87444
0.87444
0.87432
0.8745
0.87446
0.8744
0.8743
0.87422
0.87418
0.87444
0.8745
0.87442
0.8744
0.87446
0.87434
0.87446
0.87436
0.87436
0.87446
0.87438
0.87458
0.8747
0.87442
0.87442
0.87442
0.87442
0.87452
0.87466
0.87448
0.87464
0.87462
0.87478
0.87464
0.87478
0.8746
0.87476
0.87476
0.87466
0.87462
0.87462
0.87472
0.8746
0.87466
0.8748
0.87468
0.87486
0.87458
0.87482
0.87488
0.87484
0.87478
0.87482
0.87468
0.87478
0.87486
0.87472
0.87478
0.8748
0.8747
0.87484
0.87472
0.8748
0.87484
0.8749
0.87484
0.87492
0.875
0.87496
0.87498
0.87504
0.8751
0.87516
0.87524
0.87532
0.8751
0.87536
0.87526
0.87514
0.87526
0.87508
0.87532
0.87524
0.87534
0.87528
0.8752
0.87526
0.87522
0.87522
0.8751
0.87512
0.87526
0.87518
0.87508
0.87522
0.8753
0.87524
0.87528
0.8753
0.8753
0.87528
0.875
0.87522
0.8752
0.87548
0.87526
0.87544
0.87536
0.87534
0.8756
0.8757
0.87554
0.87558
0.87572
0.87576
0.87582
0.87572
0.8757
0.87576
0.87562
0.87572
0.87582
0.87568
0.87576
0.8756
0.87562
0.87562
0.8756
0.8756
0.8757
0.87588
0.87576
0.87582
0.87584
0.8758
0.87578
0.87578
0.87582
0.87582
0.87574
0.87584
0.87572
0.87578
0.8757
0.8758
0.8759
0.87578
0.87578
0.87588
0.87606
0.87592
0.876
0.87602
0.87602
0.87598
0.8761
0.87594
0.87626
0.87606
0.87622
0.8761
0.8763
0.87634
0.87626
0.8763
0.87646
0.87616
0.87632
0.8762
0.87622
0.87624
0.87618
0.87624
0.87606
0.87632
0.87612
0.8762
0.8761
0.8761
0.8763
0.87612
0.87642
0.87618
0.87626
0.8763
0.87646
0.87618
0.87632
0.87626
0.87632
0.8763
0.8763
0.87642
0.87642
0.8764
0.87652
0.87642
0.8764
0.87652
0.87642
0.87654
0.87652
0.87642
0.87648
0.87664
0.87656
0.87654
0.87666
0.87646
0.87674
0.8766
0.87676
0.87662
0.87668
0.8764
0.87662
0.8765
0.8765
0.87654
0.87662
0.87672
0.87672
0.87658
0.8766
0.87648
0.87678
0.87672
0.87688
0.87674
0.87678
0.8768
0.8769
0.87682
0.8767
0.87664
0.8767
0.8767
0.87666
0.87664
0.87662
0.87668
0.8767
0.87674
0.87676
0.87666
0.87676
0.87664
0.87668
0.87668
0.87666
0.8766
0.8766
0.8768
0.87676
0.87658
0.87672
0.87676
0.87656
0.87676
0.87666
0.87676
0.87692
0.8767
0.87674
0.87666
0.87678
0.87676
0.87688
0.87678
0.87688
0.87694
0.87688
0.87688
0.87684
0.87688
0.87692
0.877
0.87688
0.87702
0.87692
0.87682
0.87686
0.87706
0.87684
0.877
0.87678
0.87682
0.87694
0.87686
0.87694
0.8769
0.87688
0.8769
0.8768
0.87686
0.87684
0.87692
0.877
0.877
0.877
0.87694
0.87708
0.87714
0.87716
0.8771
0.87698
0.87692
0.8771
0.877
0.87712
0.87698
0.87708
0.87718
0.87712
0.87712
0.87704
0.87706
0.87716
0.87712
0.877
0.87708
0.87704
0.8768
0.87694
0.877
0.87706
0.87708
0.87704
0.8771
0.87704
0.87698
0.8771
0.87694
0.87722
0.87702
0.87716
0.87726
0.87736
0.87742
0.87736
0.8774
0.8773
0.87732
0.87744
0.87742
0.87742
0.87734
0.87736
0.8773
0.87722
0.8774
0.87734
0.87738
0.87722
0.87726
0.87736
0.87734
0.87738
0.87724
0.87736
0.87734
0.87748
0.87748
0.87754
0.87746
0.87738
0.87738
0.87708
0.8774
0.87732
0.87732
0.87746
0.87742
0.87756
0.87742
0.87766
0.87742
0.87754
0.87744
0.8776
0.87748
0.87746
0.87722
0.87736
0.8773
0.87734
0.87726
0.8774
0.8773
0.8775
0.87746
0.87734
0.87736
0.87724
0.87742
0.87758
0.87744
0.8774
0.8773
0.87726
0.87728
0.8774
0.87738
0.87744
0.87726
0.87748
0.87728
0.8774
0.87722
0.87758
0.87736
0.87734
0.87732
0.8774
0.87738
0.87718
0.8772
0.87716
0.87718
0.87714
0.8772
0.87722
0.87716
0.87726
0.87732
0.87724
0.87742
0.8774
0.87736
0.87722
0.8774
0.87714
0.87744
0.87716
0.87748
0.87744
0.87758
0.87746
0.87738
0.87756
0.87766
0.87746
0.87768
0.87754
0.87754
0.87756
0.87758
0.87764
0.87764
0.87782
0.87784
0.87786
0.87784
0.87774
0.87802
0.87792
0.8778
0.87794
0.87786
0.8778
0.87792
0.87774
0.87774
0.87768
0.87778
0.87792
0.87776
0.87786
0.87772
0.87778
0.87772
0.87776
0.87772
0.87778
0.87776
0.87776
0.8777
0.8778
0.8778
0.878
0.8776
0.87772
0.87758
0.87778
0.87782
0.87792
0.87778
0.87788
0.87782
0.87778
0.87778
0.8777
0.87786
0.87786
0.87788
0.87772
0.87776
0.87778
0.87774
0.87784
0.8779
0.87786
0.87776
0.87782
0.87782
0.87784
0.87796
0.87786
0.87794
0.87784
0.87792
0.87776
0.87784
0.87784
0.87786
0.87796
0.87796
0.87794
0.87792
0.87802
0.87806
0.87796
0.87784
0.87812
0.87788
0.87802
0.8779
0.87798
0.87792
0.87794
0.8779
0.87794
0.87804
0.87802
0.87784
0.87794
0.87792
0.87786
0.87786
0.87802
0.87778
0.87786
0.87778
0.87772
0.87776
0.87784
0.87786
0.8778
0.87774
0.87788
0.87766
0.87782
0.87778
0.87794
0.87782
0.87796
0.878
0.87798
0.87802
0.87792
0.87806
0.878
0.87796
0.8781
0.87822
0.8781
0.87814
0.87808
0.87816
0.87814
0.87808
0.87818
0.87826
0.87818
0.87816
0.87816
0.87826
0.87812
0.8782
0.87814
0.87818
0.87812
0.87804
0.87822
0.8781
0.87828
0.87804
0.8783
0.87814
0.8783
0.87812
0.8784
0.87834
0.87844
0.87826
0.87838
0.87832
0.87854
0.8785
0.87838
0.87842
0.87848
0.87868
0.87856
0.87866
0.87852
0.87862
0.87856
0.87864
0.87856
0.87872
0.8786
0.87864
0.87848
0.8787
0.8787
0.87882
0.8787
0.87884
0.87864
0.87872
0.87884
0.87876
0.87876
0.87886
0.87894
0.87886
0.87894
0.87894
0.8789
0.87878
0.87886
0.8788
0.87894
0.87866
0.87886
0.87864
0.8788
0.87858
0.87866
0.87876
0.87884
0.8787
0.8788
0.8789
0.87894
0.87872
0.87888
0.87878
0.87876
0.87906
0.87882
0.87912
0.87896
0.879
0.8787
0.87902
0.87886
0.87904
0.8788
0.87894
0.8788
0.87894
0.87906
0.8791
0.87908
0.87894
0.8791
0.87902
0.87908
0.87894
0.87896
0.879
0.87906
0.87904
0.87892
0.87892
0.87896
0.87884
0.87898
0.8788
0.87898
0.87892
0.87908
0.87894
0.87908
0.87904
0.87896
0.87896
0.87906
0.8789
0.87894
0.87886
0.87904
0.87898
0.8791
0.8791
0.87908
0.87906
0.87906
0.8791
0.8791
0.879
0.87918
0.87924
0.87928
0.87932
0.87938
0.87938
0.87924
0.8793
0.87942
0.87944
0.87938
0.87946
0.8794
0.87924
0.87926
0.87928
0.87916
0.87936
0.87926
0.87922
0.87924
0.87936
0.87946
0.87944
0.87954
0.87938
0.87976
0.8795
0.87962
0.87964
0.87958
0.87954
0.8797
0.8796
0.8795
0.87948
0.87946
0.87956
0.87966
0.87982
0.8797
0.8798
0.87982
0.8799
0.8798
0.87996
0.87974
0.87998
0.8799
0.87992
0.87972
0.87964
0.87978
0.87984
0.8799
0.87984
0.8798
0.8797
0.87966
0.87982
0.87978
0.87986
0.87968
0.8798
0.87982
0.8798
0.87984
0.8799
0.8798
0.88002
0.87982
0.8799
0.87998
0.87986
0.87992
0.87976
0.87966
0.87958
0.8798
0.87984
0.87984
0.8798
0.87978
0.87988
0.87974
0.87952
0.8796
0.87968
0.87956
0.87968
0.87962
0.87978
0.87956
0.87984
0.87978
0.87984
0.87972
0.87982
0.87984
0.8799
0.8799
0.87992
0.8799
0.87974
0.87988
0.87984
0.87988
0.87982
0.87988
0.87984
0.87982
0.87988
0.8798
0.87984
0.8798
0.87994
0.87982
0.87984
0.87978
0.87992
0.87972
0.87978
0.8797
0.87964
0.87982
0.87962
0.87986
0.87968
0.88002
0.87984
0.88004
0.88012
0.88004
0.88026
0.88004
0.88
0.88014
0.8801
0.88
0.88006
0.87996
0.88006
0.87994
0.8801
0.87994
0.88008
0.88016
0.8802
0.8801
0.88026
0.88022
0.88004
0.88008
0.88016
0.88016
0.88012
0.8802
0.88008
0.88
0.87994
0.87988
0.87984
0.88006
0.88
0.88004
0.87994
0.87992
0.87998
0.88
0.87998
0.87998
0.88006
0.87994
0.88002
0.87988
0.88016
0.88008
0.88032
0.88026
0.88022
0.88008
0.88028
0.88034
0.88022
0.88026
0.8803
0.88038
0.8803
0.88026
0.88036
0.88032
0.88048
0.88042
0.88048
0.8804
0.88054
0.88046
0.88046
0.88032
0.88036
0.88042
0.88038
0.8802
0.88022
0.88022
0.8803
0.88038
0.88044
0.88042
0.8804
0.88036
0.88038
0.88044
0.88048
0.88034
0.88038
0.88028
0.88024
0.8805
0.88046
0.88034
0.88054
0.88036
0.88056
0.8804
0.88052
0.8805
0.88036
0.88048
0.8804
0.88046
0.88038
0.88054
0.88054
0.88052
0.88044
0.88054
0.88044
0.8805
0.88056
0.8804
0.8805
0.88044
0.8804
0.88034
0.88044
0.88026
0.88026
0.88046
0.88036
0.88036
0.88042
0.88048
0.88042
0.88046
0.88054
0.88044
0.8805
0.88054
0.88062
0.88056
0.88052
0.8805
0.88062
0.88062
0.88062
0.88078
0.88054
0.88068
0.88066
0.8808
0.88078
0.88074
0.88068
0.88082
0.8809
0.8807
0.88082
0.88084
0.88084
0.88082
0.8809
0.8808
0.88096
0.88084
0.88098
0.88078
0.88082
0.88058
0.88088
0.8809
0.88082
0.8808
0.88098
0.8809
0.88092
0.88082
0.88094
0.88094
0.88106
0.881
0.8811
0.88102
0.8809
0.8811
0.88118
0.88104
0.88116
0.88092
0.88114
0.88106
0.88118
0.88106
0.88104
0.88104
0.88112
0.88106
0.88106
0.88106
0.88114
0.88108
0.88114
0.88118
0.88122
0.88124
0.88122
0.88132
0.88144
0.88148
0.88146
0.8813
0.88152
0.88134
0.8815
0.8816
0.88148
0.8815
0.88152
0.88148
0.88148
0.88128
0.88156
0.88158
0.88146
0.88158
0.8815
0.88152
0.88158
0.88142
0.8814
0.88152
0.88148
0.8816
0.88156
0.88152
0.88148
0.88146
0.88138
0.88144
0.88146
0.88148
0.88158
0.88158
0.8817
0.88172
0.88166
0.8817
0.88178
0.88174
0.88178
0.8818
0.88182
0.88192
0.88186
0.88188
0.88182
0.8818
0.88176
0.8818
0.88176
0.88172
0.88176
0.88174
0.88188
0.88184
0.88184
0.88186
0.88188
0.88196
0.88194
0.88186
0.8818
0.88174
0.88194
0.8818
0.8818
0.88166
0.88172
0.88156
0.8816
0.88176
0.88168
0.88166
0.88184
0.88188
0.88192
0.88176
0.88192
0.88184
0.88206
0.882
0.88222
0.882
0.88226
0.88194
0.8821
0.88212
0.88222
0.88218
0.88214
0.88222
0.88226
0.88218
0.88218
0.88212
0.88218
0.8821
0.88242
0.8821
0.8822
0.88206
0.88212
0.88212
0.88222
0.88206
0.88224
0.88212
0.88232
0.88232
0.88238
0.88194
0.88238
0.88214
0.88226
0.88232
0.88252
0.88262
0.88242
0.88228
0.8823
0.88236
0.88232
0.88244
0.8825
0.88248
0.88248
0.88246
0.88228
0.8824
0.88246
0.88246
0.88246
0.88236
0.88234
0.88232
0.88238
0.88232
0.88236
0.8824
0.88224
0.8823
0.88232
0.88236
0.88244
0.88234
0.88254
0.88256
0.88246
0.8825
0.88254
0.88258
0.8826
0.88262
0.88252
0.88258
0.8825
0.88264
0.88244
0.88258
0.88242
0.88254
0.88252
0.88244
0.88248
0.88228
0.88244
0.8825
0.88258
0.88258
0.88272
0.88266
0.88264
0.88274
0.88278
0.88284
0.8827
0.88272
0.88266
0.88256
0.88272
0.88274
0.88274
0.88262
0.88284
0.88272
0.8827
0.88268
0.88294
0.8828
0.88284
0.88276
0.88316
0.88296
0.88304
0.88298
0.88316
0.88308
0.88302
0.88306
0.8831
0.883
0.88304
0.88296
0.88294
0.88284
0.88288
0.88284
0.88304
0.8829
0.8829
0.88288
0.88294
0.88288
0.8829
0.88296
0.88284
0.88296
0.8828
0.88294
0.88292
0.88298
0.88286
0.88286
0.8829
0.88312
0.88288
0.883
0.8828
0.88284
0.88308
0.88274
0.88286
0.88276
0.88294
0.8829
0.88266
0.88274
0.88262
0.88262
0.88268
0.8827
0.88282
0.8826
0.88278
0.88264
0.88294
0.88276
0.8827
0.8828
0.88286
0.88284
0.8828
0.88296
0.88286
0.8828
0.88288
0.8828
0.88288
0.88274
0.88288
0.88276
0.8829
0.8828
0.88292
0.88296
0.88296
0.88284
0.883
0.88292
0.88302
0.88302
0.88304
0.883
0.88312
0.88286
0.88292
0.88294
0.88288
0.8829
0.88292
0.88308
0.883
0.88318
0.88302
0.88322
0.88302
0.8831
0.88302
0.88302
0.88308
0.88292
0.88302
0.88312
0.88294
0.88298
0.88294
0.883
0.88316
0.88298
0.88298
0.88294
0.88286
0.88288
0.88276
0.88296
0.8828
0.88288
0.8828
0.88316
0.88304
0.88304
0.88302
0.883
0.88304
0.88316
0.88304
0.88302
0.88306
0.88306
0.88314
0.88308
0.8832
0.88314
0.88334
0.88308
0.88332
0.88314
0.88322
0.88312
0.88314
0.8832
0.88322
0.88318
0.88316
0.88326
0.88314
0.88316
0.88324
0.88318
0.88336
0.88338
0.88334
0.8834
0.88344
0.8835
0.8834
0.88342
0.88348
0.88336
0.88342
0.88338
0.8833
0.88328
0.88336
0.88328
0.88336
0.88324
0.88318
0.8833
0.88336
0.88324
0.8832
0.88326
0.88328
0.88344
0.88334
0.88326
0.88334
0.88334
0.88338
0.8835
0.88324
0.88342
0.88356
0.88362
0.88358
0.8836
0.88372
0.8836
0.88362
0.88368
0.88362
0.88372
0.88368
0.88366
0.88362
0.88356
0.88356
0.88346
0.88354
0.88346
0.88366
0.88362
0.88354
0.88352
0.88358
0.88368
0.88362
0.88358
0.88356
0.88356
0.88346
0.88358
0.88364
0.88362
0.88358
0.88354
0.88348
0.88354
0.88362
0.88352
0.88364
0.88362
0.8837
0.8836
0.88372
0.88358
0.88378
0.88358
0.88362
0.8835
0.88358
0.88358
0.8837
0.88352
0.88354
0.88346
0.88368
0.88358
0.88364
0.8835
0.88354
0.88332
0.88362
0.88352
0.88376
0.88352
0.88356
0.88346
0.88352
0.8834
0.88356
0.88344
0.88372
0.88344
0.8836
0.88348
0.88358
0.88364
0.88362
0.88368
0.88374
0.88374
0.88378
0.88392
0.88384
0.88392
0.88384
0.88394
0.88394
0.88392
0.88392
0.88386
0.88386
0.88386
0.8838
0.88374
0.88368
0.88368
0.88368
0.88366
0.88374
0.88372
0.88374
0.88366
0.88378
0.88366
0.88384
0.88374
0.88374
0.88362
0.88366
0.88378
0.88364
0.88366
0.88354
0.88356
0.8837
0.8837
0.88384
0.88382
0.8839
0.88398
0.88418
0.88408
0.88408
0.88392
0.88406
0.88396
0.884
0.88378
0.88386
0.88394
0.88404
0.88394
0.884
0.884
0.88414
0.8841
0.88412
0.88412
0.88412
0.88434
0.8843
0.88426
0.88446
0.88452
0.88432
0.88424
0.88438
0.88442
0.88452
0.88444
0.88436
0.8844
0.88436
0.88426
0.88424
0.88418
0.88418
0.88428
0.88432
0.88428
0.8844
0.8844
0.88446
0.88442
0.88436
0.8844
0.88434
0.88462
0.88452
0.88456
0.88436
0.88454
0.88438
0.8846
0.88452
0.8846
0.88448
0.8846
0.88448
0.88442
0.88418
0.88438
0.8843
0.8844
0.88436
0.88444
0.88446
0.8844
0.88452
0.88456
0.88456
0.88458
0.88456
0.88456
0.88456
0.88464
0.8844
0.88452
0.8844
0.88446
0.8843
0.88446
0.88434
0.8844
0.88446
0.88454
0.88452
0.88444
0.88442
0.88466
0.88448
0.8847
0.88444
0.88458
0.8846
0.88464
0.8846
0.88464
0.88468
0.88462
0.88458
0.88476
0.88466
0.88474
0.88478
0.88478
0.88472
0.8848
0.88482
0.88476
0.88478
0.88484
0.8847
0.88504
0.88478
0.88494
0.88474
0.8849
0.8848
0.88498
0.8848
0.88482
0.88486
0.88476
0.88462
0.88476
0.8847
0.8848
0.8847
0.8849
0.88472
0.88482
0.8847
0.88484
0.88478
0.88486
0.88474
0.88484
0.88484
0.88484
0.88484
0.88492
0.88492
0.88486
0.88482
0.88498
0.88484
0.8849
0.88484
0.88484
0.88486
0.88484
0.88488
0.88494
0.88484
0.88466
0.88478
0.88466
0.88472
0.88492
0.88488
0.8848
0.88484
0.88494
0.8848
0.88494
0.88484
0.88496
0.88492
0.88506
0.8848
0.885
0.88502
0.88502
0.88504
0.88504
0.885
0.88516
0.88502
0.88522
0.88522
0.88528
0.88524
0.8852
0.88524
0.88528
0.88534
0.8853
0.88534
0.88536
0.88538
0.88528
0.88524
0.88528
0.8855
0.88532
0.8854
0.88528
0.88524
0.88534
0.88522
0.88542
0.88534
0.88532
0.88532
0.88542
0.88534
0.8854
0.88534
0.88536
0.8855
0.8856
0.88542
0.88544
0.88542
0.88554
0.8854
0.88546
0.88554
0.88544
0.88552
0.88542
0.88548
0.88544
0.88546
0.88546
0.88564
0.88562
0.8856
0.88572
0.88566
0.8858
0.88574
0.88582
0.88558
0.8857
0.8858
0.88572
0.88578
0.88574
0.88588
0.88574
0.88598
0.88596
0.88594
0.88598
0.88594
0.88594
0.8859
0.88594
0.88596
0.88592
0.8859
0.88588
0.8858
0.88584
0.88598
0.88598
0.88602
0.88588
0.8859
0.88588
0.88586
0.88594
0.88578
0.88586
0.88596
0.88592
0.8858
0.886
0.88596
0.88608
0.88598
0.8861
0.88608
0.88602
0.88614
0.88618
0.88604
0.8861
0.886
0.88606
0.88596
0.88596
0.88582
0.88616
0.88606
0.8862
0.88602
0.88618
0.88608
0.88618
0.88608
0.8863
0.88616
0.8861
0.88612
0.88616
0.8861
0.88618
0.88642
0.88616
0.88622
0.8862
0.88626
0.8862
0.88622
0.88632
0.88598
0.88608
0.8862
0.8861
0.8862
0.88598
0.88606
0.88616
0.8861
0.88606
0.88618
0.8862
0.886
0.88638
0.88606
0.88626
0.88612
0.88626
0.88628
0.88634
0.8863
0.8864
0.8861
0.88636
0.88618
0.88632
0.88626
0.88628
0.8863
0.88628
0.88636
0.8865
0.8863
0.88644
0.88636
0.88634
0.8864
0.88648
0.88652
0.88658
0.88652
0.8865
0.88662
0.88662
0.8866
0.88672
0.88664
0.88666
0.88662
0.88654
0.88648
0.88654
0.8865
0.88654
0.88654
0.88664
0.88654
0.88656
0.88658
0.8866
0.8867
0.88672
0.88662
0.88668
0.88664
0.88658
0.88662
0.8866
0.88662
0.88662
0.88662
0.8867
0.88674
0.8868
0.8866
0.88664
0.88656
0.88656
0.88678
0.8869
0.8867
0.88696
0.8868
0.88682
0.8869
0.8867
0.88688
0.88686
0.88678
0.88672
0.88694
0.88668
0.8868
0.88672
0.88674
0.88676
0.88684
0.88674
0.88692
0.88676
0.8869
0.88664
0.88674
0.88684
0.88686
0.88682
0.88678
0.8869
0.8867
0.88676
0.88678
0.8868
0.8867
0.8867
0.8868
0.88674
0.88678
0.88668
0.8869
0.88688
0.88688
0.88674
0.88684
0.88678
0.8868
0.8869
0.88696
0.88692
0.88698
0.8869
0.88692
0.88678
0.8868
0.88678
0.88684
0.8866
0.88692
0.88684
0.88696
0.88694
0.8869
0.88686
0.8869
0.88688
0.88684
0.88694
0.88702
0.88684
0.88672
0.88682
0.88668
0.8869
0.8868
0.88688
0.887
0.88682
0.8869
0.88704
0.88698
0.88694
0.88694
0.8869
0.8869
0.887
0.88714
0.88708
0.88708
0.8871
0.88708
0.88712
0.88706
0.88698
0.88682
0.88714
0.88704
0.88712
0.8869
0.88682
0.88688
0.887
0.887
0.88694
0.88696
0.88708
0.88714
0.8871
0.88712
0.88716
0.88706
0.88718
0.88696
0.8871
0.88704
0.88714
0.88702
0.88712
0.88708
0.8873
0.88708
0.88718
0.88712
0.8872
0.88718
0.8872
0.88704
0.8871
0.88704
0.88718
0.88694
0.8873
0.88716
0.88718
0.88698
0.8871
0.88716
0.88718
0.8871
0.88722
0.88736
0.88724
0.88736
0.88732
0.88744
0.88752
0.88758
0.88746
0.8875
0.8875
0.88754
0.88762
0.88758
0.88776
0.88766
0.88772
0.88754
0.88764
0.8876
0.88764
0.88754
0.88754
0.8876
0.88764
0.88768
0.88768
0.88764
0.88786
0.88774
0.88766
0.8876
0.88774
0.8876
0.88768
0.88766
0.88774
0.8877
0.88778
0.8878
0.88796
0.88774
0.88782
0.88766
0.88786
0.88774
0.88786
0.88786
0.88784
0.8878
0.8878
0.88788
0.88776
0.88772
0.8878
0.88786
0.8878
0.88776
0.88782
0.88776
0.88772
0.88782
0.88778
0.88778
0.88784
0.88802
0.88796
0.88808
0.888
0.88814
0.88804
0.888
0.88794
0.88798
0.88804
0.88792
0.88784
0.88794
0.88798
0.888
0.88796
0.88792
0.88808
0.88792
0.88802
0.88808
0.88808
0.88802
0.88812
0.88802
0.88816
0.88798
0.88812
0.88818
0.88828
0.88814
0.88832
0.88816
0.8883
0.8882
0.88834
0.88812
0.88834
0.88824
0.88814
0.88814
0.88808
0.88806
0.88802
0.88798
0.88792
0.888
0.88796
0.88806
0.88784
0.8879
0.88798
0.88816
0.88796
0.888
0.88806
0.88796
0.88806
0.88814
0.88818
0.8881
0.88806
0.888
0.88792
0.88808
0.88796
0.88802
0.88804
0.88806
0.888
0.888
0.88804
0.8879
0.8878
0.8879
0.88792
0.88798
0.88798
0.88798
0.88802
0.88814
0.8882
0.88808
0.8881
0.88804
0.88802
0.8881
0.8881
0.88822
0.88822
0.88814
0.88814
0.88808
0.88814
0.8881
0.88814
0.88816
0.88822
0.88822
0.88824
0.8883
0.88826
0.88826
0.88824
0.88828
0.88824
0.88822
0.88826
0.8883
0.88834
0.8884
0.88834
0.88854
0.88842
0.8885
0.88856
0.88852
0.88856
0.88844
0.88842
0.88842
0.88856
0.88848
0.8886
0.88852
0.88842
0.88844
0.88846
0.88848
0.88852
0.88848
0.88852
0.88856
0.88856
0.88858
0.88864
0.88858
0.88856
0.8886
0.88852
0.88846
0.88852
0.88856
0.88864
0.88874
0.88854
0.88868
0.88858
0.88852
0.8885
0.88852
0.88856
0.88858
0.88848
0.8885
0.8884
0.8884
0.88848
0.88844
0.88846
0.88838
0.88852
0.88856
0.88854
0.8885
0.88848
0.88856
0.88858
0.88848
0.88868
0.88856
0.88874
0.88856
0.88868
0.88852
0.88862
0.88862
0.88866
0.8886
0.8887
0.88852
0.88878
0.88856
0.8888
0.88856
0.8887
0.8886
0.88866
0.88864
0.88886
0.88874
0.8888
0.88874
0.88892
0.88872
0.88878
0.88888
0.88896
0.88906
0.88892
0.88906
0.8889
0.88906
0.88902
0.8892
0.88902
0.88894
0.88904
0.88882
0.88884
0.88894
0.88912
0.88904
0.88892
0.88892
0.88884
0.88888
0.88902
0.88894
0.88906
0.889
0.8889
0.88898
0.88906
0.88904
0.8891
0.88894
0.88916
0.8891
0.8891
0.88904
0.88908
0.88902
0.88912
0.88916
0.88924
0.88914
0.88922
0.8892
0.8893
0.88914
0.88918
0.88906
0.88904
0.88898
0.88898
0.88896
0.88916
0.88898
0.88894
0.88892
0.889
0.88884
0.88896
0.88886
0.889
0.8888
0.88888
0.88896
0.88886
0.88898
0.88882
0.8889
0.88882
0.88896
0.88876
0.88886
0.88882
0.88884
0.88884
0.8888
0.88878
0.8888
0.88884
0.88894
0.889
0.88914
0.88906
0.88912
0.88912
0.88918
0.88908
0.88928
0.8891
0.88934
0.88906
0.88928
0.88916
0.88938
0.88916
0.8892
0.8891
0.88914
0.8892
0.88916
0.88916
0.88926
0.88924
0.8892
0.88916
0.88934
0.88938
0.88932
0.88926
0.88934
0.88922
0.8893
0.8893
0.8895
0.88946
0.8895
0.8895
0.88956
0.88952
0.88964
0.88952
0.88966
0.88952
0.88954
0.88946
0.88948
0.8895
0.88944
0.88944
0.88934
0.88922
0.8894
0.88924
0.88934
0.88928
0.88948
0.88952
0.88948
0.88948
0.88958
0.88964
0.8896
0.88938
0.88952
0.88926
0.8894
0.88926
0.88952
0.88946
0.88952
0.88944
0.88968
0.8896
0.88968
0.8898
0.88964
0.8897
0.88974
0.88974
0.88956
0.88956
0.88964
0.88962
0.88962
0.88946
0.88952
0.88948
0.88966
0.88956
0.88966
0.8896
0.88958
0.88948
0.8895
0.8895
0.88956
0.88946
0.88936
0.88954
0.88944
0.88942
0.88946
0.88942
0.88942
0.88948
0.88944
0.88948
0.88944
0.88958
0.8896
0.88954
0.88966
0.88956
0.8896
0.88962
0.88968
0.88968
0.88958
0.88958
0.88968
0.8896
0.88972
0.88962
0.88974
0.88974
0.88974
0.88964
0.88984
0.88982
0.88968
0.8896
0.88962
0.88964
0.88972
0.88968
0.8898
0.88974
0.88982
0.88974
0.8897
0.88976
0.88968
0.8899
0.88978
0.88976
0.88976
0.8898
0.88982
0.8897
0.88982
0.88978
0.88956
0.88974
0.88968
0.88986
0.88976
0.8899
0.88986
0.88982
0.88978
0.88972
0.88984
0.88976
0.88974
0.88962
0.88966
0.88976
0.88984
0.88976
0.88984
0.88986
0.88974
0.88982
0.88988
0.88976
0.8898
0.88968
0.88972
0.88982
0.88982
0.88978
0.88974
0.88994
0.88986
0.89
0.8898
0.88992
0.88988
0.89006
0.88998
0.89014
0.88996
0.89016
0.89012
0.89008
0.89018
0.89
0.8903
0.89016
0.89014
0.89006
0.89006
0.89006
0.89002
0.88998
0.89006
0.88992
0.89014
0.89006
0.89
0.88998
0.8901
0.89008
0.8902
0.89016
0.89016
0.89022
0.89022
0.89014
0.89024
0.89006
0.89014
0.89018
0.89018
0.88998
0.89016
0.88998
0.89014
0.8901
0.89014
0.89
0.89014
0.89008
0.89006
0.89016
0.89008
0.88996
0.88998
0.88998
0.89
0.8901
0.89006
0.89006
0.89028
0.89004
0.89016
0.89004
0.89008
0.88996
0.89014
0.89024
0.89014
0.89008
0.89028
0.8901
0.89026
0.8902
0.89036
0.8903
0.89042
0.89024
0.89044
0.8902
0.89028
0.89024
0.8903
0.89014
0.89028
0.89026
0.89014
0.89026
0.89024
0.8904
0.89038
0.89052
0.8905
0.8905
0.89042
0.89044
0.89044
0.89038
0.89034
0.8903
0.8904
0.8902
0.89042
0.89036
0.89048
0.89044
0.89056
0.89038
0.89048
0.8905
0.89046
0.89046
0.8904
0.8905
0.89062
0.89064
0.89052
0.89068
0.89042
0.89054
0.89042
0.89044
0.89034
0.89044
0.8905
0.89048
0.89054
0.89042
0.89044
0.89054
0.89052
0.89056
0.89052
0.89054
0.8905
0.89064
0.89062
0.89058
0.8906
0.89038
0.89052
0.89042
0.89042
0.89052
0.89044
0.8904
0.8906
0.89048
0.89048
0.8905
0.89058
0.89052
0.8907
0.8906
0.8907
0.89058
0.89072
0.89066
0.89076
0.89066
0.89076
0.89066
0.8908
0.89086
0.89068
0.89088
0.8907
0.89088
0.89084
0.89088
0.89084
0.8908
0.89088
0.8908
0.89098
0.89088
0.89092
0.891
0.891
0.89098
0.8909
0.89104
0.89104
0.89106
0.89104
0.89102
0.89104
0.891
0.89112
0.89102
0.89108
0.89102
0.8911
0.89094
0.89106
0.89102
0.89112
0.89098
0.89112
0.89094
0.89116
0.89102
0.89108
0.891
0.89096
0.89098
0.89096
0.89108
0.89114
0.89118
0.8911
0.89106
0.89114
0.89118
0.89128
0.89124
0.89124
0.89096
0.8911
0.89096
0.891
0.89092
0.89104
0.89096
0.89102
0.89116
0.89118
0.89104
0.89118
0.89104
0.89114
0.8911
0.8912
0.89128
0.8911
0.89126
0.89118
0.89118
0.8911
0.89124
0.89116
0.8913
0.89122
0.8913
0.89122
0.89118
0.8912
0.8913
0.89116
0.89126
0.89116
0.8913
0.89124
0.8912
0.89124
0.89126
0.89118
0.89124
0.8912
0.89112
0.8912
0.89116
0.89116
0.89102
0.89116
0.89118
0.89122
0.8912
0.8912
0.89118
0.89124
0.89108
0.89104
0.89108
0.89118
0.89102
0.8912
0.89122
0.89126
0.89108
0.89104
0.89104
0.89108
0.891
0.89106
0.89118
0.89096
0.8911
0.89108
0.89108
0.89108
0.89114
0.89116
0.89114
0.89116
0.89116
0.89118
0.89116
0.89116
0.89104
0.89118
0.891
0.89114
0.89102
0.89112
0.89106
0.89104
0.89102
0.89112
0.89114
0.89102
0.8911
0.89116
0.8911
0.89112
0.89106
0.89106
0.89114
0.89108
0.8911
0.89112
0.8912
0.89116
0.89112
0.89114
0.8912
0.8913
0.89126
0.89136
0.89126
0.89138
0.8913
0.89132
0.89126
0.89122
0.89126
0.89124
0.89134
0.8912
0.8913
0.89122
0.89138
0.89132
0.89138
0.89136
0.89142
0.89156
0.89146
0.8915
0.89136
0.89152
0.8914
0.89142
0.89144
0.89146
0.89138
0.89144
0.89146
0.89142
0.89144
0.8914
0.89156
0.89148
0.89144
0.8914
0.89144
0.89142
0.89146
0.89152
0.89132
0.89138
0.89144
0.89152
0.8914
0.89144
0.89144
0.89154
0.89154
0.89156
0.89148
0.89144
0.89154
0.89154
0.89158
0.89154
0.89158
0.8916
0.89158
0.89154
0.8916
0.89168
0.89162
0.89164
0.8917
0.89164
0.89154
0.89164
0.89168
0.89166
0.8916
0.89164
0.89174
0.89156
0.8915
0.8915
0.89172
0.8915
0.89168
0.89156
0.89158
0.89166
0.89162
0.89166
0.8918
0.8917
0.89166
0.8917
0.89166
0.8916
0.89174
0.8916
0.89174
0.89164
0.89164
0.89172
0.89162
0.89178
0.89168
0.8916
0.89164
0.89168
0.89178
0.89186
0.8917
0.89172
0.89176
0.89166
0.89158
0.89164
0.89166
0.8916
0.89182
0.89178
0.89176
0.89186
0.89188
0.89172
0.89188
0.89174
0.89192
0.89188
0.8919
0.89186
0.89198
0.89192
0.89184
0.89188
0.89194
0.89184
0.8919
0.892
0.892
0.892
0.892
0.89198
0.89212
0.89216
0.89222
0.8921
0.892
0.89192
0.89208
0.89202
0.89208
0.89192
0.89206
0.8921
0.8922
0.89214
0.89226
0.89226
0.89228
0.89228
0.8923
0.89234
0.89236
0.89238
0.89232
0.89236
0.89238
0.8923
0.89238
0.89242
0.89228
0.89236
0.89218
0.89226
0.89222
0.89228
0.89234
0.89232
0.89212
0.8924
0.89224
0.89232
0.89216
0.89234
0.89232
0.89246
0.89226
0.89246
0.89234
0.89238
0.89242
0.8924
0.89236
0.8925
0.89228
0.89244
0.8921
0.89248
0.89248
0.89264
0.89242
0.89244
0.89236
0.89238
0.8925
0.89236
0.8924
0.89238
0.8924
0.89234
0.89236
0.89222
0.89232
0.89224
0.89218
0.8923
0.89244
0.89236
0.89252
0.89254
0.89252
0.89258
0.89248
0.89256
0.89246
0.89254
0.89238
0.89238
0.89258
0.89258
0.89258
0.8925
0.8924
0.89254
0.89232
0.89232
0.89228
0.89232
0.8924
0.89236
0.89232
0.8923
0.89228
0.8924
0.8924
0.89244
0.89248
0.89246
0.8925
0.89254
0.89242
0.89246
0.89236
0.89228
0.89238
0.89238
0.89246
0.89236
0.89254
0.89252
0.89236
0.89254
0.89252
0.89254
0.89244
0.8926
0.89252
0.89254
0.89246
0.89244
0.89248
0.89236
0.89226
0.89248
0.8924
0.89262
0.89248
0.89234
0.8925
0.89254
0.89256
0.89266
0.8927
0.8926
0.89264
0.89278
0.8926
0.89262
0.89258
0.8925
0.89258
0.89246
0.89254
0.89248
0.89258
0.89254
0.89258
0.89246
0.89252
0.89244
0.89236
0.89264
0.89258
0.89262
0.89256
0.89258
0.89256
0.89242
0.89246
0.89258
0.89254
0.89256
0.89256
0.89258
0.89248
0.89258
0.8925
0.89274
0.89248
0.8928
0.89252
0.89274
0.8927
0.89276
0.89266
0.89274
0.89262
0.89268
0.89258
0.89264
0.89252
0.89262
0.89258
0.89276
0.89268
0.89266
0.89264
0.89268
0.8928
0.89278
0.8928
0.8928
0.89276
0.89278
0.8929
0.8928
0.89292
0.89278
0.89302
0.89294
0.89288
0.89286
0.89292
0.89302
0.8928
0.89292
0.89288
0.89304
0.89298
0.89298
0.8929
0.89314
0.89286
0.89304
0.8928
0.89304
0.89288
0.89292
0.89286
0.89284
0.89276
0.89304
0.8929
0.89294
0.89294
0.89302
0.89296
0.89294
0.89292
0.893
0.893
0.89304
0.8929
0.89306
0.89302
0.893
0.89308
0.89304
0.89296
0.89296
0.89284
0.89286
0.89296
0.89296
0.89288
0.89288
0.89282
0.89286
0.89296
0.89302
0.89306
0.89298
0.89304
0.89306
0.89302
0.89312
0.89302
0.8931
0.89304
0.89302
0.89292
0.89302
0.89286
0.89304
0.89288
0.89286
0.89274
0.89282
0.89272
0.89282
0.89288
0.8928
0.89288
0.89298
0.89298
0.893
0.893
0.89298
0.89298
0.89296
0.89298
0.89308
0.89292
0.89294
0.89296
0.8929
0.89292
0.89296
0.89276
0.89288
0.89292
0.89298
0.89292
0.89296
0.89286
0.89286
0.89286
0.89274
0.89298
0.8929
0.89306
0.8929
0.8931
0.89294
0.89302
0.89288
0.89308
0.89298
0.89298
0.89286
0.89302
0.89302
0.8931
0.89302
0.8931
0.89304
0.89308
0.89308
0.8931
0.89294
0.89308
0.89296
0.89306
0.89302
0.89304
0.89296
0.89312
0.893
0.89312
0.89318
0.89316
0.89324
0.89318
0.89322
0.89318
0.8932
0.89308
0.89302
0.89316
0.89312
0.89318
0.89308
0.89312
0.8931
0.89312
0.89314
0.89302
0.89314
0.893
0.89314
0.89324
0.8932
0.89316
0.8932
0.89306
0.89312
0.89318
0.89318
0.89318
0.89318
0.89306
0.89318
0.89312
0.89316
0.89332
0.89336
0.89332
0.89328
0.89328
0.89328
0.8932
0.89332
0.89336
0.8933
0.89324
0.8933
0.89346
0.89344
0.89342
0.89344
0.89336
0.89334
0.89332
0.89334
0.89342
0.89354
0.89352
0.89344
0.89346
0.89342
0.8934
0.89338
0.89358
0.89352
0.89356
0.89358
0.89348
0.89358
0.89352
0.89338
0.8934
0.8934
0.8933
0.89342
0.8934
0.89348
0.89348
0.8934
0.89358
0.89348
0.89364
0.89356
0.89348
0.8935
0.89342
0.89362
0.89352
0.89352
0.89362
0.89338
0.89352
0.8934
0.8936
0.89344
0.89354
0.89344
0.89356
0.89344
0.8936
0.89354
0.89346
0.89352
0.89354
0.89362
0.89368
0.89366
0.89358
0.89384
0.89356
0.89358
0.89352
0.89362
0.89364
0.89362
0.89372
0.89372
0.8936
0.89368
0.89362
0.89364
0.89368
0.89376
0.89374
0.89388
0.8938
0.89388
0.8939
0.8939
0.89382
0.8938
0.89384
0.89384
0.89378
0.89382
0.89374
0.89376
0.89374
0.89374
0.8937
0.89368
0.89376
0.89382
0.89366
0.89376
0.89378
0.89384
0.89384
0.89388
0.8939
0.8939
0.89386
0.89382
0.89382
0.894
0.8939
0.89384
0.89394
0.89388
0.8938
0.89378
0.89382
0.8938
0.89388
0.89384
0.89382
0.89386
0.89384
0.89374
0.8937
0.89362
0.89366
0.89368
0.89352
0.89366
0.8936
0.89374
0.89372
0.89374
0.89374
0.89372
0.89376
0.8938
0.89394
0.89376
0.89388
0.89384
0.89382
0.89384
0.89376
0.89364
0.89378
0.8937
0.8939
0.8939
0.89388
0.89388
0.8939
0.89378
0.89398
0.89388
0.89392
0.8941
0.89406
0.89418
0.89412
0.89414
0.89406
0.894
0.89412
0.894
0.89406
0.89406
0.89398
0.8941
0.89396
0.8942
0.89418
0.89416
0.89414
0.8941
0.89422
0.89414
0.89422
0.89416
0.89416
0.89412
0.89412
0.89416
0.8941
0.89408
0.89414
0.89412
0.8941
0.8941
0.89406
0.89412
0.89408
0.89412
0.89414
0.89416
0.89416
0.89412
0.89412
0.89408
0.8941
0.8942
0.89408
0.89424
0.89416
0.89424
0.89426
0.89426
0.89402
0.8943
0.89418
0.89432
0.89426
0.89432
0.89434
0.89444
0.89442
0.89434
0.89438
0.89432
0.89428
0.89436
0.89432
0.89442
0.89416
0.89428
0.89434
0.89438
0.89436
0.89442
0.89438
0.8944
0.89442
0.89438
0.89446
0.89452
0.89456
0.89442
0.89448
0.89456
0.89458
0.89448
0.8945
0.89454
0.89446
0.89466
0.89464
0.8946
0.8947
0.89462
0.89456
0.89458
0.8946
0.89456
0.89452
0.89454
0.89456
0.89456
0.89458
0.8945
0.89466
0.89464
0.89468
0.89458
0.89452
0.89454
0.89462
0.89448
0.89466
0.89462
0.8947
0.8947
0.89484
0.89472
0.8949
0.89464
0.89488
0.89476
0.89488
0.8947
0.895
0.89496
0.8949
0.89476
0.89496
0.8948
0.8948
0.89486
0.89482
0.89494
0.89476
0.8949
0.89494
0.8948
0.89498
0.89496
0.89474
0.89486
0.89486
0.89492
0.895
0.89496
0.89484
0.8949
0.89458
0.89482
0.89474
0.89496
0.8949
0.89494
0.89486
0.89482
0.89498
0.89494
0.895
0.89496
0.89494
0.89496
0.89502
0.89494
0.89506
0.89498
0.89502
0.89498
0.89506
0.895
0.89508
0.89496
0.89506
0.89504
0.89522
0.89506
0.89512
0.89496
0.89508
0.8951
0.8949
0.89498
0.89486
0.8949
0.89492
0.8947
0.89492
0.8948
0.89492
0.89488
0.89498
0.89486
0.89486
0.89494
0.8948
0.89478
0.8949
0.89476
0.8949
0.89476
0.89496
0.89494
0.89494
0.89498
0.89496
0.89506
0.89504
0.89496
0.89496
0.89502
0.8951
0.89508
0.89506
0.89498
0.89498
0.8951
0.89498
0.895
0.89494
0.89488
0.89484
0.89498
0.89492
0.89502
0.89502
0.89488
0.89484
0.895
0.89492
0.89504
0.895
0.8951
0.89502
0.89498
0.89496
0.895
0.89502
0.89518
0.89508
0.89518
0.89514
0.89514
0.89514
0.89518
0.89518
0.89514
0.89516
0.89518
0.89516
0.8952
0.89524
0.8953
0.8953
0.8953
0.89526
0.89528
0.89518
0.89524
0.89524
0.89524
0.8952
0.8952
0.89524
0.89534
0.89518
0.89522
0.89534
0.89542
0.89524
0.89536
0.89526
0.89538
0.8953
0.89554
0.8954
0.8955
0.89532
0.89556
0.89538
0.8956
0.89542
0.89548
0.89542
0.8955
0.89548
0.8956
0.89542
0.8955
0.8954
0.8956
0.89546
0.89548
0.89552
0.89548
0.8954
0.89536
0.89542
0.89536
0.89522
0.89536
0.8952
0.8954
0.89528
0.89536
0.89534
0.89546
0.89536
0.89528
0.8954
0.89546
0.89546
0.89552
0.8954
0.89536
0.8954
0.89534
0.89536
0.89524
0.89544
0.89538
0.8954
0.89534
0.89554
0.8954
0.8955
0.89546
0.89544
0.89548
0.89546
0.8955
0.89536
0.89536
0.89538
0.89542
0.89542
0.89542
0.8954
0.89536
0.89524
0.89522
0.89532
0.8954
0.89544
0.89548
0.8956
0.89548
0.89562
0.89544
0.89558
0.89552
0.89548
0.8955
0.89546
0.89556
0.89554
0.89556
0.89556
0.89554
0.89556
0.89548
0.89554
0.8956
0.89562
0.89562
0.89562
0.89568
0.89564
0.8957
0.8957
0.8957
0.89568
0.89578
0.8958
0.8958
0.89578
0.89586
0.89584
0.8958
0.89574
0.89566
0.89582
0.89582
0.89588
0.89578
0.8958
0.89574
0.89582
0.89576
0.89576
0.8957
0.89564
0.89556
0.8957
0.89566
0.89574
0.8958
0.89578
0.89558
0.89578
0.89574
0.89582
0.89564
0.89582
0.8957
0.8957
0.89576
0.89586
0.89576
0.89574
0.89582
0.89592
0.89576
0.896
0.89586
0.896
0.89584
0.89592
0.8959
0.89594
0.89592
0.89592
0.89592
0.8959
0.89592
0.896
0.89586
0.89598
0.89596
0.89594
0.8958
0.8959
0.89598
0.89594
0.89582
0.89602
0.8959
0.896
0.89592
0.89596
0.89586
0.89606
0.89584
0.89598
0.89582
0.89588
0.89592
0.89596
0.89594
0.89582
0.89578
0.89572
0.89578
0.89584
0.89584
0.8959
0.89574
0.89568
0.89574
0.89584
0.89574
0.89584
0.89584
0.8958
0.89572
0.8958
0.89594
0.89568
0.89568
0.89568
0.89568
0.89572
0.89562
0.89568
0.89568
0.89568
0.89552
0.8957
0.89564
0.89576
0.89576
0.8958
0.89576
0.8958
0.89572
0.89574
0.8957
0.89568
0.89556
0.89574
0.8957
0.89564
0.8956
0.8957
0.89562
0.89568
0.89566
0.89584
0.89576
0.8959
0.89588
0.8958
0.89584
0.8959
0.89584
0.89596
0.89596
0.8958
0.89588
0.8959
0.8959
0.89592
0.89596
0.89586
0.8958
0.8959
0.89578
0.8959
0.89594
0.89602
0.89602
0.896
0.89596
0.896
0.8959
0.89598
0.89594
0.89594
0.89592
0.89588
0.89588
0.89586
0.89584
0.89582
0.8958
0.89586
0.89584
0.8959
0.89582
0.8958
0.89574
0.89578
0.89564
0.89572
0.89574
0.89576
0.89568
0.89586
0.8957
0.89586
0.89576
0.8958
0.89578
0.89592
0.8957
0.89594
0.89586
0.896
0.89592
0.89594
0.89582
0.89586
0.89582
0.89584
0.89582
0.89596
0.89588
0.89604
0.896
0.89586
0.89592
0.89592
0.8959
0.896
0.896
0.89592
0.89592
0.89586
0.89584
0.8959
0.89578
0.89572
0.89572
0.89576
0.89586
0.89582
0.8958
0.89588
0.89584
0.89582
0.8959
0.89586
0.89582
0.89598
0.89586
0.89578
0.89586
0.89594
0.89594
0.89614
0.89598
0.896
0.89598
0.89598
0.89602
0.89606
0.89608
0.89598
0.89618
0.89608
0.89612
0.8962
0.89612
0.89622
0.89618
0.89622
0.89624
0.89632
0.89614
0.89634
0.89618
0.89624
0.89616
0.89616
0.89604
0.89614
0.89606
0.89614
0.89604
0.89612
0.89606
0.8961
0.89594
0.89604
0.8962
0.89616
0.89622
0.89624
0.89618
0.8962
0.89622
0.89626
0.8963
0.89632
0.89622
0.89616
0.89638
0.89628
0.89624
0.89638
0.8962
0.89622
0.89632
0.89628
0.8962
0.8962
0.89618
0.89622
0.89612
0.89622
0.89614
0.89622
0.89624
0.8962
0.8962
0.89616
0.89616
0.8962
0.89624
0.8961
0.89616
0.89612
0.89612
0.8961
0.89628
0.89622
0.89618
0.89616
0.89612
0.89622
0.89636
0.89628
0.89626
0.89626
0.89622
0.89624
0.89626
0.89644
0.89634
0.89638
0.89632
0.89648
0.89654
0.89636
0.8965
0.8965
0.89648
0.8966
0.89646
0.89642
0.8965
0.89644
0.89646
0.89662
0.89644
0.89664
0.8964
0.89666
0.89652
0.89644
0.8965
0.89654
0.89654
0.89656
0.8965
0.89648
0.89644
0.89652
0.89656
0.8965
0.89648
0.89656
0.89652
0.89662
0.8965
0.89648
0.89644
0.89648
0.89652
0.89654
0.89652
0.89658
0.89666
0.8966
0.89658
0.89668
0.89662
0.89664
0.8966
0.89666
0.8966
0.89664
0.89662
0.89652
0.89654
0.89664
0.89658
0.89662
0.89662
0.89662
0.8966
0.8966
0.89674
0.89666
0.89668
0.8966
0.8966
0.89646
0.8966
0.8966
0.89646
0.89666
0.8966
0.89664
0.89662
0.8967
0.89666
0.89662
0.89668
0.89664
0.89666
0.89666
0.89672
0.89666
0.89676
0.8966
0.89654
0.8967
0.89654
0.89664
0.8966
0.89674
0.89672
0.8967
0.8967
0.89682
0.89672
0.89668
0.89674
0.89662
0.89658
0.89666
0.8966
0.89662
0.89664
0.89672
0.89674
0.89678
0.89686
0.89674
0.89688
0.8968
0.89684
0.89678
0.8969
0.89674
0.89672
0.89686
0.89666
0.89672
0.89674
0.89676
0.8967
0.89684
0.89678
0.89674
0.8967
0.89674
0.89674
0.89686
0.8967
0.89676
0.89678
0.89668
0.89674
0.89668
0.89674
0.89686
0.89688
0.897
0.89698
0.89702
0.89702
0.897
0.8971
0.89708
0.89718
0.89718
0.89718
0.89706
0.89716
0.89714
0.8971
0.89706
0.89708
0.89706
0.89696
0.89712
0.89704
0.89706
0.89704
0.89712
0.89712
0.89736
0.89718
0.89724
0.8973
0.89726
0.8973
0.89732
0.89726
0.8974
0.89738
0.8973
0.8973
0.89722
0.8973
0.89732
0.89738
0.89738
0.89732
0.89732
0.89736
0.89734
0.89746
0.89748
0.89744
0.89742
0.89752
0.8976
0.89746
0.89748
0.89738
0.89752
0.89758
0.89744
0.89752
0.89764
0.89768
0.89764
0.89756
0.8975
0.89758
0.89754
0.89762
0.89748
0.89758
0.89758
0.8975
0.8975
0.89758
0.89766
0.89766
0.8976
0.89776
0.8977
0.89772
0.89772
0.89774
0.89764
0.89768
0.89772
0.89772
0.8976
0.89778
0.89768
0.89776
0.89764
0.89766
0.89778
0.89778
0.89772
0.89766
0.89768
0.8977
0.89754
0.89766
0.89766
0.89774
0.8977
0.89762
0.8976
0.89774
0.89764
0.8977
0.89766
0.89778
0.89776
0.89778
0.89778
0.89782
0.89778
0.89792
0.8976
0.89764
0.89758
0.89758
0.89764
0.89764
0.8976
0.89756
0.89752
0.8977
0.8975
0.89762
0.89744
0.89758
0.89758
0.89758
0.89742
0.89754
0.8975
0.89746
0.89752
0.89748
0.8975
0.89752
0.8975
0.89756
0.89752
0.8975
0.89756
0.89752
0.89768
0.89748
0.89748
0.89758
0.89764
0.89772
0.89766
0.89764
0.89768
0.89772
0.89766
0.89766
0.89762
0.89762
0.89752
0.89776
0.89766
0.89762
0.8976
0.89764
0.89774
0.89768
0.89774
0.8978
0.89778
0.89778
0.89782
0.89782
0.89774
0.89764
0.89782
0.89776
0.89776
0.89782
0.89788
0.8979
0.89786
0.8979
0.89774
0.89774
0.89776
0.89776
0.89772
0.89778
0.89784
0.8978
0.89786
0.89786
0.89792
0.89796
0.89806
0.8979
0.89788
0.89802
0.89798
0.8979
0.89794
0.898
0.89808
0.89796
0.89798
0.89786
0.8979
0.89788
0.8979
0.89794
0.89792
0.89792
0.89796
0.89804
0.89802
0.898
0.89796
0.8979
0.89782
0.89786
0.89774
0.89798
0.89786
0.89784
0.89782
0.89802
0.89782
0.89792
0.89782
0.8979
0.89786
0.89796
0.89794
0.898
0.89806
0.89806
0.89798
0.898
0.89792
0.89786
0.89806
0.89792
0.89804
0.89784
0.8981
0.89806
0.89802
0.898
0.89796
0.89806
0.898
0.89794
0.89808
0.898
0.898
0.898
0.89806
0.89816
0.89806
0.89816
0.89806
0.89814
0.8982
0.89812
0.89818
0.89826
0.89828
0.89838
0.89832
0.89826
0.8983
0.89816
0.89816
0.89814
0.89828
0.89822
0.89838
0.89818
0.89836
0.8983
0.89836
0.89832
0.89834
0.89836
0.89836
0.89828
0.89838
0.89828
0.89842
0.89822
0.89834
0.89828
0.89824
0.89828
0.89824
0.89832
0.89828
0.8983
0.8983
0.89828
0.89828
0.89824
0.89834
0.89824
0.89832
0.89826
0.89828
0.89826
0.89822
0.89826
0.89826
0.8982
0.8983
0.8982
0.89834
0.89832
0.89836
0.89836
0.89838
0.89832
0.89838
0.89844
0.89836
0.89844
0.89846
0.8984
0.89836
0.89838
0.8985
0.89834
0.89834
0.8983
0.8984
0.89838
0.89844
0.89844
0.89848
0.8984
0.89856
0.8984
0.89832
0.89846
0.89842
0.89846
0.89842
0.89836
0.89848
0.89858
0.89836
0.8985
0.89848
0.89866
0.89858
0.8986
0.89844
0.89848
0.89846
0.8985
0.8985
0.89862
0.89856
0.89864
0.89848
0.8985
0.89844
0.89858
0.89846
0.89846
0.89842
0.89852
0.8986
0.89856
0.89854
0.89866
0.89856
0.89866
0.89864
0.89852
0.89848
0.8985
0.89848
0.89858
0.89844
0.89848
0.89864
0.89852
0.89854
0.89848
0.89846
0.89846
0.8985
0.89836
0.89844
0.89854
0.89852
0.89852
0.8985
0.89852
0.8985
0.89844
0.89856
0.8985
0.89852
0.89862
0.89852
0.89856
0.89854
0.89852
0.89852
0.89848
0.89852
0.89856
0.89838
0.89854
0.89844
0.89854
0.8984
0.89852
0.89838
0.89842
0.89858
0.8984
0.89858
0.89864
0.8988
0.89866
0.89874
0.8987
0.89882
0.89868
0.89876
0.89876
0.89884
0.89886
0.89878
0.8988
0.89876
0.89868
0.89866
0.89886
0.89874
0.8988
0.89864
0.89878
0.89872
0.8988
0.89864
0.89876
0.8986
0.8988
0.89872
0.89868
0.89872
0.89876
0.89888
0.8988
0.89894
0.899
0.899
0.89904
0.89888
0.89892
0.8989
0.89896
0.899
0.89888
0.89902
0.89906
0.89894
0.89892
0.89902
0.89904
0.89896
0.89892
0.89882
0.89896
0.89894
0.89892
0.89888
0.89886
0.89882
0.89884
0.89878
0.8988
0.8987
0.89878
0.89874
0.8986
0.89868
0.89868
0.89864
0.89866
0.89864
0.89872
0.89864
0.8987
0.8986
0.89876
0.89868
0.89872
0.89874
0.89872
0.89874
0.89886
0.89874
0.89878
0.8987
0.89874
0.8987
0.8986
0.89866
0.89868
0.89868
0.89878
0.89868
0.8987
0.89864
0.89864
0.89874
0.89868
0.89878
0.89878
0.89876
0.89874
0.89868
0.8987
0.89874
0.89874
0.8987
0.89864
0.89864
0.89862
0.89862
0.89858
0.8987
0.89874
0.8988
0.89872
0.89876
0.89876
0.89864
0.89866
0.89856
0.89874
0.89874
0.89882
0.89874
0.89878
0.89874
0.89878
0.89874
0.89878
0.89884
0.89878
0.89884
0.89886
0.899
0.89884
0.89892
0.8989
0.8988
0.89882
0.89886
0.8988
0.89892
0.89896
0.89888
0.89884
0.89888
0.89896
0.89898
0.89872
0.89884
0.89872
0.89894
0.89894
0.89884
0.8989
0.89896
0.899
0.89904
0.89906
0.89906
0.89908
0.89914
0.8991
0.89896
0.89908
0.8991
0.89902
0.89892
0.89904
0.899
0.89904
0.89908
0.89912
0.89904
0.899
0.89896
0.89908
0.89908
0.89908
0.89898
0.89896
0.89886
0.89896
0.89912
0.89904
0.899
0.89908
0.89896
0.8989
0.89886
0.89898
0.8988
0.89902
0.89896
0.89896
0.89904
0.89912
0.89908
0.89914
0.899
0.89916
0.89912
0.89908
0.89902
0.89904
0.8991
0.89912
0.89904
0.899
0.89902
0.89896
0.89902
0.899
0.89898
0.89896
0.89896
0.89878
0.89892
0.89898
0.89892
0.89886
0.89898
0.89898
0.89896
0.89894
0.89912
0.8991
0.89904
0.89912
0.89908
0.8991
0.89902
0.899
0.899
0.89896
0.89902
0.89914
0.8991
0.89924
0.89908
0.89904
0.89916
0.89914
0.89922
0.8992
0.89922
0.89926
0.8992
0.89918
0.89914
0.89922
0.89916
0.89912
0.89914
0.89926
0.89926
0.89914
0.89922
0.89912
0.89912
0.89926
0.89916
0.89928
0.8993
0.89922
0.8993
0.89924
0.8993
0.89936
0.89924
0.89926
0.89938
0.8995
0.8994
0.89948
0.89928
0.89942
0.89942
0.89942
0.89944
0.8995
0.89948
0.89944
0.89924
0.89934
0.89934
0.89936
0.8995
0.89942
0.89938
0.89924
0.89934
0.8993
0.89936
0.89922
0.89944
0.8993
0.89932
0.89938
0.89936
0.8993
0.89934
0.89922
0.89922
0.89922
0.8992
0.8992
0.89934
0.89926
0.89932
0.89934
0.89948
0.8993
0.89928
0.89936
0.89928
0.89934
0.89936
0.89938
0.89934
0.89934
0.89926
0.89934
0.8993
0.89926
0.89936
0.89932
0.89938
0.89942
0.89954
0.89946
0.89942
0.89956
0.89952
0.89944
0.89944
0.89946
0.8996
0.89948
0.89958
0.8995
0.8995
0.89954
0.89964
0.89964
0.89966
0.89964
0.89976
0.89956
0.8996
0.89968
0.8997
0.89978
0.89964
0.89972
0.8997
0.89972
0.8998
0.89976
0.89974
0.8998
0.89974
0.89974
0.8997
0.89966
0.8997
0.89958
0.89974
0.89978
0.89976
0.89976
0.89968
0.89964
0.89966
0.89974
0.89974
0.89976
0.89976
0.89976
0.8998
0.89984
0.89976
0.89972
0.89972
0.89966
0.89974
0.89962
0.89974
0.89976
0.8998
0.89972
0.89974
0.89978
0.89968
0.89978
0.89978
0.8997
0.8998
0.89974
0.89976
0.8997
0.8998
0.89964
0.89976
0.8997
0.89974
0.8998
0.89974
0.89978
0.8997
0.89976
0.89962
0.89968
0.89976
0.89978
0.89976
0.89972
0.89978
0.8998
0.89988
0.89988
0.89994
0.89986
0.89996
0.89982
0.8999
0.8998
0.8998
0.89986
0.89984
0.89976
0.8998
0.89998
0.90018
0.89992
0.89986
0.89992
0.8999
0.89998
0.89994
0.89994
0.89998
0.89998
0.89994
0.89994
0.90004
0.89996
0.90006
0.89994
0.90006
0.90004
0.8999
0.89992
0.8999
0.8999
0.89982
0.89992
0.89994
0.8999
0.90002
0.8999
0.89998
0.89992
0.90004
0.89992
0.89994
0.89984
0.8999
0.8999
0.89996
0.8999
0.89994
0.89996
0.89996
0.89996
0.89992
0.89992
0.89992
0.89988
0.89998
0.89996
0.90006
0.89992
0.90008
0.9001
0.90012
0.90004
0.90002
0.90004
0.90018
0.90012
0.90016
0.9002
0.90022
0.90022
0.90012
0.90006
0.90028
0.90012
0.90028
0.9
0.9002
0.90008
0.9001
0.90014
0.90012
0.90012
0.9001
0.90014
0.90012
0.90014
0.90026
0.9002
0.90026
0.90018
0.90026
0.90008
0.90018
0.90024
0.90024
0.90032
0.90032
0.90048
0.90036
0.9003
0.90026
0.90046
0.90034
0.90046
0.9003
0.90044
0.90026
0.9004
0.90044
0.90042
0.9003
0.90034
0.90036
0.90032
0.90032
0.90036
0.90034
0.90038
0.90038
0.9003
0.9003
0.90034
0.90044
0.90032
0.90036
0.9003
0.90038
0.90032
0.90044
0.9003
0.90032
0.9004
0.9004
0.9005
0.9005
0.90048
0.90054
0.90056
0.90062
0.90064
0.90056
0.9005
0.90062
0.90062
0.90074
0.90058
0.9007
0.90072
0.9007
0.9007
0.90054
0.9006
0.90058
0.90066
0.90052
0.90056
0.9005
0.90064
0.90058
0.90062
0.9005
0.90058
0.9005
0.90058
0.90058
0.90066
0.90048
0.9004
0.90046
0.9005
0.9006
0.90056
0.9007
0.90062
0.90058
0.90072
0.90062
0.90064
0.9007
0.90076
0.90066
0.90064
0.90062
0.90072
0.90058
0.90066
0.90078
0.9007
0.90072
0.90076
0.90086
0.90084
0.90074
0.90078
0.90086
0.9009
0.90078
0.90094
0.90098
0.9009
0.9008
0.90084
0.90076
0.90094
0.90088
0.90086
0.90088
0.90098
0.90088
0.9011
0.90096
0.901
0.90088
0.90102
0.90086
0.90108
0.90104
0.90096
0.90102
0.90092
0.90098
0.90092
0.90094
0.9009
0.90082
0.901
0.90088
0.90104
0.90094
0.90094
0.9009
0.90094
0.901
0.90096
0.90098
0.90106
0.90106
0.9012
0.90104
0.90108
0.90108
0.90116
0.90124
0.90134
0.9013
0.90118
0.90128
0.90134
0.90124
0.90108
0.90122
0.90108
0.9012
0.90108
0.90126
0.90118
0.9012
0.90126
0.90114
0.90132
0.90128
0.90122
0.90116
0.90146
0.90144
0.90152
0.90144
0.90144
0.90136
0.9013
0.90136
0.90144
0.9013
0.90136
0.9013
0.90138
0.9014
0.90138
0.9014
0.9014
0.9013
0.90138
0.90144
0.9014
0.90126
0.90122
0.90136
0.90146
0.90154
0.90136
0.90148
0.90138
0.90142
0.90146
0.90144
0.90144
0.90156
0.90136
0.90148
0.90146
0.90146
0.9014
0.90148
0.9014
0.90142
0.90142
0.90138
0.90142
0.90122
0.90154
0.90126
0.90142
0.9014
0.9013
0.90142
0.90128
0.90136
0.90126
0.90128
0.90118
0.9014
0.90118
0.90128
0.90128
0.90144
0.90126
0.90128
0.90134
0.90146
0.9014
0.90136
0.90138
0.90144
0.90146
0.90152
0.90138
0.90146
0.90146
0.90142
0.90138
0.90146
0.90142
0.90146
0.90146
0.90128
0.90144
0.9013
0.9014
0.9014
0.90138
0.9014
0.90146
0.90128
0.90142
0.90138
0.90124
0.90128
0.90132
0.90128
0.90134
0.90144
0.90146
0.90146
0.90152
0.90148
0.90154
0.90136
0.90154
0.90136
0.90136
0.90116
0.90134
0.90126
0.9013
0.90126
0.90124
0.90144
0.90138
0.90144
0.90138
0.90122
0.9014
0.90118
0.90134
0.9012
0.90128
0.9011
0.90118
0.90122
0.90132
0.90136
0.90142
0.9014
0.90134
0.9014
0.90144
0.90142
0.90156
0.90146
0.90132
0.9014
0.90142
0.9014
0.9016
0.90148
0.90164
0.90154
0.90158
0.90142
0.90154
0.9014
0.90152
0.90138
0.9014
0.90144
0.90146
0.9014
0.90148
0.90128
0.90166
0.90146
0.90152
0.90142
0.90152
0.90136
0.90158
0.90168
0.90154
0.90154
0.90164
0.90166
0.90158
0.90164
0.90154
0.90162
0.9015
0.90166
0.90156
0.90174
0.90156
0.90166
0.90152
0.9016
0.90144
0.90154
0.90158
0.90158
0.90168
0.90156
0.9016
0.90166
0.90168
0.90174
0.90156
0.90158
0.90142
0.90166
0.90164
0.90168
0.9016
0.9017
0.9016
0.90158
0.90164
0.90166
0.90154
0.90162
0.90154
0.90166
0.90164
0.90176
0.90174
0.90176
0.90158
0.90168
0.9016
0.9016
0.9016
0.90166
0.90172
0.90164
0.90176
0.90156
0.90176
0.9016
0.90174
0.9016
0.90172
0.90178
0.90186
0.90162
0.90174
0.9017
0.90174
0.9017
0.9018
0.90172
0.90164
0.90176
0.90172
0.90174
0.90164
0.90164
0.9017
0.9016
0.90166
0.90162
0.90162
0.90168
0.90168
0.90176
0.90174
0.90176
0.9017
0.90182
0.9017
0.90164
0.90192
0.90184
0.90186
0.9018
0.90176
0.9016
0.90168
0.90156
0.90164
0.90164
0.90168
0.90174
0.90164
0.90168
0.9018
0.90174
0.90174
0.90182
0.90176
0.90186
0.90194
0.9019
0.90196
0.90194
0.90188
0.90192
0.902
0.9019
0.9019
0.902
0.90192
0.9021
0.902
0.90212
0.90202
0.90206
0.902
0.90208
0.90196
0.90206
0.90192
0.90218
0.90196
0.90214
0.90196
0.90228
0.90212
0.9022
0.90212
0.90214
0.90206
0.90208
0.90208
0.90216
0.90218
0.90218
0.90222
0.90236
0.9022
0.90236
0.90238
0.9023
0.90232
0.90222
0.90222
0.90202
0.90222
0.90216
0.90212
0.902
0.90214
0.90212
0.90204
0.90208
0.90202
0.90204
0.90206
0.90198
0.90194
0.90196
0.90212
0.90212
0.90216
0.90228
0.90212
0.90216
0.90216
0.9021
0.90212
0.90228
0.90216
0.9021
0.90218
0.90218
0.9021
0.90218
0.90226
0.90216
0.90228
0.90226
0.90228
0.90216
0.90226
0.9022
0.90226
0.90214
0.90222
0.90218
0.90218
0.90206
0.90214
0.90214
0.90218
0.90212
0.90218
0.9022
0.90212
0.9021
0.90212
0.9021
0.90212
0.90214
0.9023
0.90236
0.90224
0.90234
0.90226
0.9023
0.90224
0.9024
0.90236
0.90224
0.9023
0.90236
0.90256
0.90232
0.90242
0.90252
0.90236
0.90246
0.90236
0.90234
0.90236
0.90228
0.9024
0.90226
0.90232
0.90216
0.90222
0.90218
0.90222
0.90214
0.9021
0.90212
0.90226
0.90224
0.9023
0.90218
0.90224
0.90216
0.90218
0.90216
0.90208
0.90212
0.90202
0.90228
0.90222
0.90232
0.90232
0.90234
0.90238
0.90224
0.9023
0.9023
0.9024
0.90232
0.90236
0.90234
0.90248
0.90236
0.9025
0.90234
0.9023
0.90218
0.9022
0.90222
0.90226
0.9023
0.90236
0.90226
0.9025
0.9023
0.90252
0.9023
0.90246
0.90226
0.90236
0.90242
0.90236
0.90238
0.90242
0.90258
0.90238
0.90258
0.90258
0.9027
0.90258
0.90266
0.90252
0.90252
0.9025
0.9026
0.90252
0.90252
0.90248
0.9025
0.90248
0.90244
0.9025
0.90262
0.90252
0.90256
0.9024
0.90254
0.90228
0.90244
0.90238
0.90262
0.90232
0.90252
0.90246
0.90242
0.9023
0.9025
0.90242
0.90246
0.90232
0.9025
0.90244
0.90244
0.90244
0.90252
0.90244
0.90252
0.90256
0.90252
0.90258
0.90256
0.90262
0.90254
0.9026
0.90262
0.90262
0.90262
0.90242
0.9026
0.9025
0.9023
0.9023
0.90234
0.90242
0.90244
0.9023
0.90232
0.9024
0.90222
0.90236
0.90228
0.90226
0.9024
0.9024
0.90234
0.90244
0.9024
0.90244
0.90238
0.90228
0.90222
0.9022
0.90208
0.90222
0.90222
0.90226
0.9023
0.90228
0.90238
0.90238
0.90238
0.90238
0.90242
0.90244
0.90226
0.9024
0.9024
0.90238
0.90238
0.90244
0.90242
0.90248
0.90244
0.9025
0.90256
0.90252
0.90258
0.90244
0.9025
0.90244
0.9025
0.90236
0.90254
0.90248
0.90254
0.90248
0.9026
0.90248
0.90254
0.9025
0.90252
0.9024
0.90244
0.90246
0.90246
0.90246
0.90238
0.9024
0.9024
0.90248
0.9024
0.90246
0.90244
0.9025
0.90242
0.90262
0.90242
0.90252
0.90248
0.90248
0.90238
0.90244
0.9025
0.90248
0.90254
0.9025
0.90248
0.9026
0.90248
0.9025
0.90244
0.9025
0.90246
0.90262
0.90254
0.90254
0.9026
0.90262
0.90256
0.9027
0.90254
0.90258
0.90268
0.90256
0.90256
0.9025
0.90248
0.90256
0.90248
0.90258
0.9025
0.90256
0.9025
0.9025
0.90246
0.90244
0.90248
0.90232
0.90236
0.90236
0.90242
0.90244
0.9025
0.90248
0.9025
0.90232
0.90242
0.90246
0.90264
0.90246
0.90242
0.90242
0.9024
0.90248
0.90242
0.90244
0.90242
0.90244
0.90252
0.90254
0.90254
0.90258
0.90254
0.90266
0.90266
0.90268
0.90272
0.90264
0.90268
0.90266
0.9027
0.90264
0.90266
0.90268
0.90256
0.90258
0.90268
0.90266
0.90276
0.90272
0.9028
0.90276
0.90278
0.90278
0.90276
0.90268
0.90272
0.90276
0.90268
0.90274
0.90262
0.90272
0.90268
0.90272
0.90272
0.90262
0.90262
0.90262
0.90254
0.90266
0.90266
0.90264
0.90262
0.90266
0.90262
0.90264
0.90258
0.90262
0.90262
0.9026
0.90264
0.90258
0.90266
0.90254
0.90256
0.9026
0.90262
0.9026
0.90262
0.9025
0.90258
0.90248
0.90258
0.9026
0.90264
0.90266
0.90262
0.90262
0.90266
0.90266
0.90258
0.90268
0.9027
0.90268
0.90268
0.90268
0.90264
0.90272
0.90262
0.90262
0.90262
0.9027
0.9028
0.9029
0.90278
0.90284
0.90288
0.90298
0.9029
0.90296
0.90286
0.90284
0.9028
0.90282
0.9027
0.9028
0.90288
0.90282
0.90284
0.90278
0.90272
0.90258
0.90274
0.90276
0.9027
0.90272
0.90278
0.90274
0.9028
0.90272
0.90282
0.90272
0.90282
0.90282
0.90266
0.90284
0.90278
0.90278
0.90282
0.90286
0.9028
0.90288
0.90272
0.90278
0.90288
0.90286
0.90292
0.9029
0.90274
0.90282
0.90288
0.90278
0.90286
0.90282
0.90274
0.90286
0.90282
0.90286
0.90286
0.90282
0.90298
0.90292
0.90298
0.90288
0.90282
0.90294
0.90288
0.90292
0.90288
0.90294
0.90302
0.90288
0.90302
0.90298
0.90292
0.90306
0.903
0.9031
0.90304
0.90308
0.90314
0.90318
0.90322
0.90318
0.90312
0.903
0.90304
0.90302
0.90304
0.903
0.9032
0.9032
0.90312
0.90324
0.90306
0.9031
0.9032
0.90324
0.90318
0.90318
0.9031
0.90314
0.90318
0.90302
0.90308
0.9031
0.90302
0.90318
0.90318
0.90322
0.90328
0.90314
0.90316
0.90312
0.90312
0.90324
0.90316
0.90306
0.90306
0.90306
0.90306
0.903
0.90304
0.9031
0.9031
0.9031
0.9032
0.90318
0.90326
0.90326
0.90326
0.90316
0.90328
0.9031
0.90318
0.90304
0.90312
0.90314
0.90314
0.90316
0.90314
0.90318
0.90324
0.90332
0.9034
0.90328
0.90322
0.90332
0.90314
0.90318
0.90324
0.90326
0.90314
0.90314
0.90312
0.90314
0.90328
0.90312
0.90324
0.90324
0.90334
0.90342
0.90336
0.90324
0.90336
0.90336
0.9034
0.9034
0.9034
0.90336
0.90336
0.90344
0.90338
0.90342
0.90344
0.90344
0.90334
0.90342
0.90342
0.90342
0.90344
0.9036
0.9036
0.90344
0.90352
0.9035
0.90342
0.90338
0.90336
0.90342
0.90342
0.90354
0.90342
0.90346
0.9034
0.90352
0.90354
0.90354
0.90362
0.90362
0.9035
0.90358
0.90354
0.9036
0.90352
0.90358
0.90368
0.90364
0.90368
0.90368
0.90366
0.90362
0.9038
0.9036
0.90378
0.90366
0.9038
0.90386
0.90364
0.9036
0.9036
0.90364
0.9036
0.90354
0.90362
0.90368
0.90362
0.90364
0.90368
0.90364
0.90362
0.90366
0.90382
0.90368
0.90386
0.90368
0.9039
0.9038
0.90382
0.90368
0.90378
0.90362
0.9037
0.9036
0.90366
0.90368
0.90384
0.9037
0.90388
0.90374
0.90378
0.90366
0.90384
0.90388
0.90396
0.90386
0.90382
0.90388
0.9039
0.9039
0.90392
0.9039
0.90384
0.90384
0.90394
0.9039
0.90384
0.90374
0.90378
0.90374
0.90386
0.90378
0.90392
0.90374
0.90404
0.9038
0.9039
0.90392
0.90388
0.90382
0.90396
0.90398
0.90384
0.90388
0.9039
0.904
0.90394
0.90394
0.904
0.90392
0.90394
0.9039
0.90384
0.9038
0.90384
0.90396
0.90386
0.9039
0.9038
0.90394
0.90394
0.90384
0.90394
0.90392
0.90408
0.90398
0.90392
0.90398
0.90408
0.90406
0.9041
0.90404
0.90408
0.90398
0.90402
0.904
0.90394
0.90408
0.904
0.90404
0.90392
0.90382
0.90398
0.90384
0.90396
0.90396
0.90396
0.90404
0.90396
0.90406
0.90398
0.90398
0.9039
0.90402
0.90396
0.904
0.90402
0.904
0.90408
0.9041
0.90414
0.90408
0.90406
0.90406
0.90398
0.9039
0.904
0.904
0.90402
0.9041
0.90412
0.90408
0.90408
0.90398
0.90402
0.90414
0.904
0.90422
0.90404
0.9042
0.9041
0.9041
0.90404
0.90402
0.9041
0.90412
0.904
0.90416
0.90412
0.90414
